n	m = 5	m = 6	m = 7	m = 8	m = 9
-1023 	38 	23 	16 	13 	12 	
-1022 	38 	23 	16 	13 	12 	
-1021 	38 	23 	16 	13 	12 	
-1020 	38 	23 	16 	13 	12 	
-1019 	38 	23 	16 	13 	12 	
-1018 	38 	23 	16 	13 	12 	
-1017 	38 	23 	16 	13 	12 	
-1016 	38 	23 	16 	13 	12 	
-1015 	38 	23 	16 	13 	12 	
-1014 	38 	23 	16 	13 	12 	
-1013 	38 	23 	16 	13 	12 	
-1012 	38 	23 	16 	13 	12 	
-1011 	38 	23 	16 	13 	12 	
-1010 	38 	23 	16 	13 	12 	
-1009 	38 	23 	16 	13 	12 	
-1008 	38 	23 	16 	13 	12 	
-1007 	38 	23 	16 	13 	12 	
-1006 	38 	23 	16 	13 	12 	
-1005 	38 	23 	16 	13 	12 	
-1004 	38 	23 	16 	13 	12 	
-1003 	38 	23 	16 	13 	12 	
-1002 	38 	23 	16 	13 	12 	
-1001 	38 	23 	16 	13 	12 	
-1000 	38 	23 	16 	13 	12 	
-999 	38 	23 	16 	13 	12 	
-998 	38 	23 	16 	13 	12 	
-997 	38 	23 	16 	13 	12 	
-996 	38 	23 	16 	13 	12 	
-995 	38 	23 	16 	13 	12 	
-994 	38 	23 	16 	13 	12 	
-993 	38 	23 	16 	13 	12 	
-992 	38 	23 	16 	13 	12 	
-991 	37 	23 	16 	13 	12 	
-990 	37 	23 	16 	13 	12 	
-989 	37 	23 	16 	13 	12 	
-988 	37 	23 	16 	13 	12 	
-987 	37 	23 	16 	13 	12 	
-986 	37 	23 	16 	13 	12 	
-985 	37 	23 	16 	13 	12 	
-984 	37 	23 	16 	13 	12 	
-983 	37 	23 	16 	13 	12 	
-982 	37 	23 	16 	13 	12 	
-981 	37 	23 	16 	13 	12 	
-980 	37 	23 	16 	13 	12 	
-979 	37 	23 	16 	13 	12 	
-978 	37 	23 	16 	13 	12 	
-977 	37 	23 	16 	13 	12 	
-976 	37 	23 	16 	13 	12 	
-975 	37 	23 	16 	13 	12 	
-974 	37 	23 	16 	13 	12 	
-973 	37 	23 	16 	13 	12 	
-972 	37 	23 	16 	13 	12 	
-971 	37 	23 	16 	13 	12 	
-970 	37 	23 	16 	13 	12 	
-969 	37 	23 	16 	13 	12 	
-968 	37 	23 	16 	13 	12 	
-967 	37 	23 	16 	13 	12 	
-966 	37 	23 	16 	13 	12 	
-965 	37 	23 	16 	13 	12 	
-964 	37 	23 	16 	13 	12 	
-963 	37 	23 	16 	13 	12 	
-962 	37 	23 	16 	13 	12 	
-961 	37 	23 	16 	13 	12 	
-960 	37 	23 	16 	13 	12 	
-959 	36 	22 	16 	13 	12 	
-958 	36 	22 	16 	13 	12 	
-957 	36 	22 	16 	13 	12 	
-956 	36 	22 	16 	13 	12 	
-955 	36 	22 	16 	13 	12 	
-954 	36 	22 	16 	13 	12 	
-953 	36 	22 	16 	13 	12 	
-952 	36 	22 	16 	13 	12 	
-951 	36 	22 	16 	13 	12 	
-950 	36 	22 	16 	13 	12 	
-949 	36 	22 	16 	13 	12 	
-948 	36 	22 	16 	13 	12 	
-947 	36 	22 	16 	13 	12 	
-946 	36 	22 	16 	13 	12 	
-945 	36 	22 	16 	13 	12 	
-944 	36 	22 	16 	13 	12 	
-943 	36 	22 	16 	13 	12 	
-942 	36 	22 	16 	13 	12 	
-941 	36 	22 	16 	13 	12 	
-940 	36 	22 	16 	13 	12 	
-939 	36 	22 	16 	13 	12 	
-938 	36 	22 	16 	13 	12 	
-937 	36 	22 	16 	13 	12 	
-936 	36 	22 	16 	13 	12 	
-935 	36 	22 	16 	13 	12 	
-934 	36 	22 	16 	13 	12 	
-933 	36 	22 	16 	13 	12 	
-932 	36 	22 	16 	13 	12 	
-931 	36 	22 	16 	13 	12 	
-930 	36 	22 	16 	13 	12 	
-929 	36 	22 	16 	13 	12 	
-928 	36 	22 	16 	13 	12 	
-927 	35 	22 	16 	13 	12 	
-926 	35 	22 	16 	13 	12 	
-925 	35 	22 	16 	13 	12 	
-924 	35 	22 	16 	13 	12 	
-923 	35 	22 	16 	13 	12 	
-922 	35 	22 	16 	13 	12 	
-921 	35 	22 	16 	13 	12 	
-920 	35 	22 	16 	13 	12 	
-919 	35 	22 	16 	13 	12 	
-918 	35 	22 	16 	13 	12 	
-917 	35 	22 	16 	13 	12 	
-916 	35 	22 	16 	13 	12 	
-915 	35 	22 	16 	13 	12 	
-914 	35 	22 	16 	13 	12 	
-913 	35 	22 	16 	13 	12 	
-912 	35 	22 	16 	13 	12 	
-911 	35 	22 	16 	13 	12 	
-910 	35 	22 	16 	13 	12 	
-909 	35 	22 	16 	13 	12 	
-908 	35 	22 	16 	13 	12 	
-907 	35 	22 	16 	13 	12 	
-906 	35 	22 	16 	13 	12 	
-905 	35 	22 	16 	13 	12 	
-904 	35 	22 	16 	13 	12 	
-903 	35 	22 	16 	13 	12 	
-902 	35 	22 	16 	13 	12 	
-901 	35 	22 	16 	13 	12 	
-900 	35 	22 	16 	13 	12 	
-899 	35 	22 	16 	13 	12 	
-898 	35 	22 	16 	13 	12 	
-897 	35 	22 	16 	13 	12 	
-896 	35 	22 	16 	13 	12 	
-895 	34 	21 	15 	13 	12 	
-894 	34 	21 	15 	13 	12 	
-893 	34 	21 	15 	13 	12 	
-892 	34 	21 	15 	13 	12 	
-891 	34 	21 	15 	13 	12 	
-890 	34 	21 	15 	13 	12 	
-889 	34 	21 	15 	13 	12 	
-888 	34 	21 	15 	13 	12 	
-887 	34 	21 	15 	13 	12 	
-886 	34 	21 	15 	13 	12 	
-885 	34 	21 	15 	13 	12 	
-884 	34 	21 	15 	13 	12 	
-883 	34 	21 	15 	13 	12 	
-882 	34 	21 	15 	13 	12 	
-881 	34 	21 	15 	13 	12 	
-880 	34 	21 	15 	13 	12 	
-879 	34 	21 	15 	13 	12 	
-878 	34 	21 	15 	13 	12 	
-877 	34 	21 	15 	13 	12 	
-876 	34 	21 	15 	13 	12 	
-875 	34 	21 	15 	13 	12 	
-874 	34 	21 	15 	13 	12 	
-873 	34 	21 	15 	13 	12 	
-872 	34 	21 	15 	13 	12 	
-871 	34 	21 	15 	13 	12 	
-870 	34 	21 	15 	13 	12 	
-869 	34 	21 	15 	13 	12 	
-868 	34 	21 	15 	13 	12 	
-867 	34 	21 	15 	13 	12 	
-866 	34 	21 	15 	13 	12 	
-865 	34 	21 	15 	13 	12 	
-864 	34 	21 	15 	13 	12 	
-863 	33 	21 	15 	13 	12 	
-862 	33 	21 	15 	13 	12 	
-861 	33 	21 	15 	13 	12 	
-860 	33 	21 	15 	13 	12 	
-859 	33 	21 	15 	13 	12 	
-858 	33 	21 	15 	13 	12 	
-857 	33 	21 	15 	13 	12 	
-856 	33 	21 	15 	13 	12 	
-855 	33 	21 	15 	13 	12 	
-854 	33 	21 	15 	13 	12 	
-853 	33 	21 	15 	13 	12 	
-852 	33 	21 	15 	13 	12 	
-851 	33 	21 	15 	13 	12 	
-850 	33 	21 	15 	13 	12 	
-849 	33 	21 	15 	13 	12 	
-848 	33 	21 	15 	13 	12 	
-847 	33 	21 	15 	13 	12 	
-846 	33 	21 	15 	13 	12 	
-845 	33 	21 	15 	13 	12 	
-844 	33 	21 	15 	13 	12 	
-843 	33 	21 	15 	13 	12 	
-842 	33 	21 	15 	13 	12 	
-841 	33 	21 	15 	13 	12 	
-840 	33 	21 	15 	13 	12 	
-839 	33 	21 	15 	13 	12 	
-838 	33 	21 	15 	13 	12 	
-837 	33 	21 	15 	13 	12 	
-836 	33 	21 	15 	13 	12 	
-835 	33 	21 	15 	13 	12 	
-834 	33 	21 	15 	13 	12 	
-833 	33 	21 	15 	13 	12 	
-832 	33 	21 	15 	13 	12 	
-831 	32 	20 	15 	13 	12 	
-830 	32 	20 	15 	13 	12 	
-829 	32 	20 	15 	13 	12 	
-828 	32 	20 	15 	13 	12 	
-827 	32 	20 	15 	13 	12 	
-826 	32 	20 	15 	13 	12 	
-825 	32 	20 	15 	13 	12 	
-824 	32 	20 	15 	13 	12 	
-823 	32 	20 	15 	13 	12 	
-822 	32 	20 	15 	13 	12 	
-821 	32 	20 	15 	13 	12 	
-820 	32 	20 	15 	13 	12 	
-819 	32 	20 	15 	13 	12 	
-818 	32 	20 	15 	13 	12 	
-817 	32 	20 	15 	13 	12 	
-816 	32 	20 	15 	13 	12 	
-815 	32 	20 	15 	13 	12 	
-814 	32 	20 	15 	13 	12 	
-813 	32 	20 	15 	13 	12 	
-812 	32 	20 	15 	13 	12 	
-811 	32 	20 	15 	13 	12 	
-810 	32 	20 	15 	13 	12 	
-809 	32 	20 	15 	13 	12 	
-808 	32 	20 	15 	13 	12 	
-807 	32 	20 	15 	13 	12 	
-806 	32 	20 	15 	13 	12 	
-805 	32 	20 	15 	13 	12 	
-804 	32 	20 	15 	13 	12 	
-803 	32 	20 	15 	13 	12 	
-802 	32 	20 	15 	13 	12 	
-801 	32 	20 	15 	13 	12 	
-800 	32 	20 	15 	13 	12 	
-799 	31 	20 	15 	13 	12 	
-798 	31 	20 	15 	13 	12 	
-797 	31 	20 	15 	13 	12 	
-796 	31 	20 	15 	13 	12 	
-795 	31 	20 	15 	13 	12 	
-794 	31 	20 	15 	13 	12 	
-793 	31 	20 	15 	13 	12 	
-792 	31 	20 	15 	13 	12 	
-791 	31 	20 	15 	13 	12 	
-790 	31 	20 	15 	13 	12 	
-789 	31 	20 	15 	13 	12 	
-788 	31 	20 	15 	13 	12 	
-787 	31 	20 	15 	13 	12 	
-786 	31 	20 	15 	13 	12 	
-785 	31 	20 	15 	13 	12 	
-784 	31 	20 	15 	13 	12 	
-783 	31 	20 	15 	13 	12 	
-782 	31 	20 	15 	13 	12 	
-781 	31 	20 	15 	13 	12 	
-780 	31 	20 	15 	13 	12 	
-779 	31 	20 	15 	13 	12 	
-778 	31 	20 	15 	13 	12 	
-777 	31 	20 	15 	13 	12 	
-776 	31 	20 	15 	13 	12 	
-775 	31 	20 	15 	13 	12 	
-774 	31 	20 	15 	13 	12 	
-773 	31 	20 	15 	13 	12 	
-772 	31 	20 	15 	13 	12 	
-771 	31 	20 	15 	13 	12 	
-770 	31 	20 	15 	13 	12 	
-769 	31 	20 	15 	13 	12 	
-768 	31 	20 	15 	13 	12 	
-767 	30 	19 	14 	12 	12 	
-766 	30 	19 	14 	12 	12 	
-765 	30 	19 	14 	12 	12 	
-764 	30 	19 	14 	12 	12 	
-763 	30 	19 	14 	12 	12 	
-762 	30 	19 	14 	12 	12 	
-761 	30 	19 	14 	12 	12 	
-760 	30 	19 	14 	12 	12 	
-759 	30 	19 	14 	12 	12 	
-758 	30 	19 	14 	12 	12 	
-757 	30 	19 	14 	12 	12 	
-756 	30 	19 	14 	12 	12 	
-755 	30 	19 	14 	12 	12 	
-754 	30 	19 	14 	12 	12 	
-753 	30 	19 	14 	12 	12 	
-752 	30 	19 	14 	12 	12 	
-751 	30 	19 	14 	12 	12 	
-750 	30 	19 	14 	12 	12 	
-749 	30 	19 	14 	12 	12 	
-748 	30 	19 	14 	12 	12 	
-747 	30 	19 	14 	12 	12 	
-746 	30 	19 	14 	12 	12 	
-745 	30 	19 	14 	12 	12 	
-744 	30 	19 	14 	12 	12 	
-743 	30 	19 	14 	12 	12 	
-742 	30 	19 	14 	12 	12 	
-741 	30 	19 	14 	12 	12 	
-740 	30 	19 	14 	12 	12 	
-739 	30 	19 	14 	12 	12 	
-738 	30 	19 	14 	12 	12 	
-737 	30 	19 	14 	12 	12 	
-736 	30 	19 	14 	12 	12 	
-735 	29 	19 	14 	12 	12 	
-734 	29 	19 	14 	12 	12 	
-733 	29 	19 	14 	12 	12 	
-732 	29 	19 	14 	12 	12 	
-731 	29 	19 	14 	12 	12 	
-730 	29 	19 	14 	12 	12 	
-729 	29 	19 	14 	12 	12 	
-728 	29 	19 	14 	12 	12 	
-727 	29 	19 	14 	12 	12 	
-726 	29 	19 	14 	12 	12 	
-725 	29 	19 	14 	12 	12 	
-724 	29 	19 	14 	12 	12 	
-723 	29 	19 	14 	12 	12 	
-722 	29 	19 	14 	12 	12 	
-721 	29 	19 	14 	12 	12 	
-720 	29 	19 	14 	12 	12 	
-719 	29 	19 	14 	12 	12 	
-718 	29 	19 	14 	12 	12 	
-717 	29 	19 	14 	12 	12 	
-716 	29 	19 	14 	12 	12 	
-715 	29 	19 	14 	12 	12 	
-714 	29 	19 	14 	12 	12 	
-713 	29 	19 	14 	12 	12 	
-712 	29 	19 	14 	12 	12 	
-711 	29 	19 	14 	12 	12 	
-710 	29 	19 	14 	12 	12 	
-709 	29 	19 	14 	12 	12 	
-708 	29 	19 	14 	12 	12 	
-707 	29 	19 	14 	12 	12 	
-706 	29 	19 	14 	12 	12 	
-705 	29 	19 	14 	12 	12 	
-704 	29 	19 	14 	12 	12 	
-703 	28 	18 	14 	12 	12 	
-702 	28 	18 	14 	12 	12 	
-701 	28 	18 	14 	12 	12 	
-700 	28 	18 	14 	12 	12 	
-699 	28 	18 	14 	12 	12 	
-698 	28 	18 	14 	12 	12 	
-697 	28 	18 	14 	12 	12 	
-696 	28 	18 	14 	12 	12 	
-695 	28 	18 	14 	12 	12 	
-694 	28 	18 	14 	12 	12 	
-693 	28 	18 	14 	12 	12 	
-692 	28 	18 	14 	12 	12 	
-691 	28 	18 	14 	12 	12 	
-690 	28 	18 	14 	12 	12 	
-689 	28 	18 	14 	12 	12 	
-688 	28 	18 	14 	12 	12 	
-687 	28 	18 	14 	12 	12 	
-686 	28 	18 	14 	12 	12 	
-685 	28 	18 	14 	12 	12 	
-684 	28 	18 	14 	12 	12 	
-683 	28 	18 	14 	12 	12 	
-682 	28 	18 	14 	12 	12 	
-681 	28 	18 	14 	12 	12 	
-680 	28 	18 	14 	12 	12 	
-679 	28 	18 	14 	12 	12 	
-678 	28 	18 	14 	12 	12 	
-677 	28 	18 	14 	12 	12 	
-676 	28 	18 	14 	12 	12 	
-675 	28 	18 	14 	12 	12 	
-674 	28 	18 	14 	12 	12 	
-673 	28 	18 	14 	12 	12 	
-672 	28 	18 	14 	12 	12 	
-671 	27 	18 	14 	12 	12 	
-670 	27 	18 	14 	12 	12 	
-669 	27 	18 	14 	12 	12 	
-668 	27 	18 	14 	12 	12 	
-667 	27 	18 	14 	12 	12 	
-666 	27 	18 	14 	12 	12 	
-665 	27 	18 	14 	12 	12 	
-664 	27 	18 	14 	12 	12 	
-663 	27 	18 	14 	12 	12 	
-662 	27 	18 	14 	12 	12 	
-661 	27 	18 	14 	12 	12 	
-660 	27 	18 	14 	12 	12 	
-659 	27 	18 	14 	12 	12 	
-658 	27 	18 	14 	12 	12 	
-657 	27 	18 	14 	12 	12 	
-656 	27 	18 	14 	12 	12 	
-655 	27 	18 	14 	12 	12 	
-654 	27 	18 	14 	12 	12 	
-653 	27 	18 	14 	12 	12 	
-652 	27 	18 	14 	12 	12 	
-651 	27 	18 	14 	12 	12 	
-650 	27 	18 	14 	12 	12 	
-649 	27 	18 	14 	12 	12 	
-648 	27 	18 	14 	12 	12 	
-647 	27 	18 	14 	12 	12 	
-646 	27 	18 	14 	12 	12 	
-645 	27 	18 	14 	12 	12 	
-644 	27 	18 	14 	12 	12 	
-643 	27 	18 	14 	12 	12 	
-642 	27 	18 	14 	12 	12 	
-641 	27 	18 	14 	12 	12 	
-640 	27 	18 	14 	12 	12 	
-639 	26 	17 	13 	12 	12 	
-638 	26 	17 	13 	12 	12 	
-637 	26 	17 	13 	12 	12 	
-636 	26 	17 	13 	12 	12 	
-635 	26 	17 	13 	12 	12 	
-634 	26 	17 	13 	12 	12 	
-633 	26 	17 	13 	12 	12 	
-632 	26 	17 	13 	12 	12 	
-631 	26 	17 	13 	12 	12 	
-630 	26 	17 	13 	12 	12 	
-629 	26 	17 	13 	12 	12 	
-628 	26 	17 	13 	12 	12 	
-627 	26 	17 	13 	12 	12 	
-626 	26 	17 	13 	12 	12 	
-625 	26 	17 	13 	12 	12 	
-624 	26 	17 	13 	12 	12 	
-623 	26 	17 	13 	12 	12 	
-622 	26 	17 	13 	12 	12 	
-621 	26 	17 	13 	12 	12 	
-620 	26 	17 	13 	12 	12 	
-619 	26 	17 	13 	12 	12 	
-618 	26 	17 	13 	12 	12 	
-617 	26 	17 	13 	12 	12 	
-616 	26 	17 	13 	12 	12 	
-615 	26 	17 	13 	12 	12 	
-614 	26 	17 	13 	12 	12 	
-613 	26 	17 	13 	12 	12 	
-612 	26 	17 	13 	12 	12 	
-611 	26 	17 	13 	12 	12 	
-610 	26 	17 	13 	12 	12 	
-609 	26 	17 	13 	12 	12 	
-608 	26 	17 	13 	12 	12 	
-607 	25 	17 	13 	12 	12 	
-606 	25 	17 	13 	12 	12 	
-605 	25 	17 	13 	12 	12 	
-604 	25 	17 	13 	12 	12 	
-603 	25 	17 	13 	12 	12 	
-602 	25 	17 	13 	12 	12 	
-601 	25 	17 	13 	12 	12 	
-600 	25 	17 	13 	12 	12 	
-599 	25 	17 	13 	12 	12 	
-598 	25 	17 	13 	12 	12 	
-597 	25 	17 	13 	12 	12 	
-596 	25 	17 	13 	12 	12 	
-595 	25 	17 	13 	12 	12 	
-594 	25 	17 	13 	12 	12 	
-593 	25 	17 	13 	12 	12 	
-592 	25 	17 	13 	12 	12 	
-591 	25 	17 	13 	12 	12 	
-590 	25 	17 	13 	12 	12 	
-589 	25 	17 	13 	12 	12 	
-588 	25 	17 	13 	12 	12 	
-587 	25 	17 	13 	12 	12 	
-586 	25 	17 	13 	12 	12 	
-585 	25 	17 	13 	12 	12 	
-584 	25 	17 	13 	12 	12 	
-583 	25 	17 	13 	12 	12 	
-582 	25 	17 	13 	12 	12 	
-581 	25 	17 	13 	12 	12 	
-580 	25 	17 	13 	12 	12 	
-579 	25 	17 	13 	12 	12 	
-578 	25 	17 	13 	12 	12 	
-577 	25 	17 	13 	12 	12 	
-576 	25 	17 	13 	12 	12 	
-575 	24 	16 	13 	12 	12 	
-574 	24 	16 	13 	12 	12 	
-573 	24 	16 	13 	12 	12 	
-572 	24 	16 	13 	12 	12 	
-571 	24 	16 	13 	12 	12 	
-570 	24 	16 	13 	12 	12 	
-569 	24 	16 	13 	12 	12 	
-568 	24 	16 	13 	12 	12 	
-567 	24 	16 	13 	12 	12 	
-566 	24 	16 	13 	12 	12 	
-565 	24 	16 	13 	12 	12 	
-564 	24 	16 	13 	12 	12 	
-563 	24 	16 	13 	12 	12 	
-562 	24 	16 	13 	12 	12 	
-561 	24 	16 	13 	12 	12 	
-560 	24 	16 	13 	12 	12 	
-559 	24 	16 	13 	12 	12 	
-558 	24 	16 	13 	12 	12 	
-557 	24 	16 	13 	12 	12 	
-556 	24 	16 	13 	12 	12 	
-555 	24 	16 	13 	12 	12 	
-554 	24 	16 	13 	12 	12 	
-553 	24 	16 	13 	12 	12 	
-552 	24 	16 	13 	12 	12 	
-551 	24 	16 	13 	12 	12 	
-550 	24 	16 	13 	12 	12 	
-549 	24 	16 	13 	12 	12 	
-548 	24 	16 	13 	12 	12 	
-547 	24 	16 	13 	12 	12 	
-546 	24 	16 	13 	12 	12 	
-545 	24 	16 	13 	12 	12 	
-544 	24 	16 	13 	12 	12 	
-543 	23 	16 	13 	12 	12 	
-542 	23 	16 	13 	12 	12 	
-541 	23 	16 	13 	12 	12 	
-540 	23 	16 	13 	12 	12 	
-539 	23 	16 	13 	12 	12 	
-538 	23 	16 	13 	12 	12 	
-537 	23 	16 	13 	12 	12 	
-536 	23 	16 	13 	12 	12 	
-535 	23 	16 	13 	12 	12 	
-534 	23 	16 	13 	12 	12 	
-533 	23 	16 	13 	12 	12 	
-532 	23 	16 	13 	12 	12 	
-531 	23 	16 	13 	12 	12 	
-530 	23 	16 	13 	12 	12 	
-529 	23 	16 	13 	12 	12 	
-528 	23 	16 	13 	12 	12 	
-527 	23 	16 	13 	12 	12 	
-526 	23 	16 	13 	12 	12 	
-525 	23 	16 	13 	12 	12 	
-524 	23 	16 	13 	12 	12 	
-523 	23 	16 	13 	12 	12 	
-522 	23 	16 	13 	12 	12 	
-521 	23 	16 	13 	12 	12 	
-520 	23 	16 	13 	12 	12 	
-519 	23 	16 	13 	12 	12 	
-518 	23 	16 	13 	12 	12 	
-517 	23 	16 	13 	12 	12 	
-516 	23 	16 	13 	12 	12 	
-515 	23 	16 	13 	12 	12 	
-514 	23 	16 	13 	12 	12 	
-513 	23 	16 	13 	12 	12 	
-512 	23 	16 	13 	12 	12 	
-511 	22 	15 	12 	11 	11 	
-510 	22 	15 	12 	11 	11 	
-509 	22 	15 	12 	11 	11 	
-508 	22 	15 	12 	11 	11 	
-507 	22 	15 	12 	11 	11 	
-506 	22 	15 	12 	11 	11 	
-505 	22 	15 	12 	11 	11 	
-504 	22 	15 	12 	11 	11 	
-503 	22 	15 	12 	11 	11 	
-502 	22 	15 	12 	11 	11 	
-501 	22 	15 	12 	11 	11 	
-500 	22 	15 	12 	11 	11 	
-499 	22 	15 	12 	11 	11 	
-498 	22 	15 	12 	11 	11 	
-497 	22 	15 	12 	11 	11 	
-496 	22 	15 	12 	11 	11 	
-495 	22 	15 	12 	11 	11 	
-494 	22 	15 	12 	11 	11 	
-493 	22 	15 	12 	11 	11 	
-492 	22 	15 	12 	11 	11 	
-491 	22 	15 	12 	11 	11 	
-490 	22 	15 	12 	11 	11 	
-489 	22 	15 	12 	11 	11 	
-488 	22 	15 	12 	11 	11 	
-487 	22 	15 	12 	11 	11 	
-486 	22 	15 	12 	11 	11 	
-485 	22 	15 	12 	11 	11 	
-484 	22 	15 	12 	11 	11 	
-483 	22 	15 	12 	11 	11 	
-482 	22 	15 	12 	11 	11 	
-481 	22 	15 	12 	11 	11 	
-480 	22 	15 	12 	11 	11 	
-479 	21 	15 	12 	11 	11 	
-478 	21 	15 	12 	11 	11 	
-477 	21 	15 	12 	11 	11 	
-476 	21 	15 	12 	11 	11 	
-475 	21 	15 	12 	11 	11 	
-474 	21 	15 	12 	11 	11 	
-473 	21 	15 	12 	11 	11 	
-472 	21 	15 	12 	11 	11 	
-471 	21 	15 	12 	11 	11 	
-470 	21 	15 	12 	11 	11 	
-469 	21 	15 	12 	11 	11 	
-468 	21 	15 	12 	11 	11 	
-467 	21 	15 	12 	11 	11 	
-466 	21 	15 	12 	11 	11 	
-465 	21 	15 	12 	11 	11 	
-464 	21 	15 	12 	11 	11 	
-463 	21 	15 	12 	11 	11 	
-462 	21 	15 	12 	11 	11 	
-461 	21 	15 	12 	11 	11 	
-460 	21 	15 	12 	11 	11 	
-459 	21 	15 	12 	11 	11 	
-458 	21 	15 	12 	11 	11 	
-457 	21 	15 	12 	11 	11 	
-456 	21 	15 	12 	11 	11 	
-455 	21 	15 	12 	11 	11 	
-454 	21 	15 	12 	11 	11 	
-453 	21 	15 	12 	11 	11 	
-452 	21 	15 	12 	11 	11 	
-451 	21 	15 	12 	11 	11 	
-450 	21 	15 	12 	11 	11 	
-449 	21 	15 	12 	11 	11 	
-448 	21 	15 	12 	11 	11 	
-447 	20 	14 	12 	11 	11 	
-446 	20 	14 	12 	11 	11 	
-445 	20 	14 	12 	11 	11 	
-444 	20 	14 	12 	11 	11 	
-443 	20 	14 	12 	11 	11 	
-442 	20 	14 	12 	11 	11 	
-441 	20 	14 	12 	11 	11 	
-440 	20 	14 	12 	11 	11 	
-439 	20 	14 	12 	11 	11 	
-438 	20 	14 	12 	11 	11 	
-437 	20 	14 	12 	11 	11 	
-436 	20 	14 	12 	11 	11 	
-435 	20 	14 	12 	11 	11 	
-434 	20 	14 	12 	11 	11 	
-433 	20 	14 	12 	11 	11 	
-432 	20 	14 	12 	11 	11 	
-431 	20 	14 	12 	11 	11 	
-430 	20 	14 	12 	11 	11 	
-429 	20 	14 	12 	11 	11 	
-428 	20 	14 	12 	11 	11 	
-427 	20 	14 	12 	11 	11 	
-426 	20 	14 	12 	11 	11 	
-425 	20 	14 	12 	11 	11 	
-424 	20 	14 	12 	11 	11 	
-423 	20 	14 	12 	11 	11 	
-422 	20 	14 	12 	11 	11 	
-421 	20 	14 	12 	11 	11 	
-420 	20 	14 	12 	11 	11 	
-419 	20 	14 	12 	11 	11 	
-418 	20 	14 	12 	11 	11 	
-417 	20 	14 	12 	11 	11 	
-416 	20 	14 	12 	11 	11 	
-415 	19 	14 	12 	11 	11 	
-414 	19 	14 	12 	11 	11 	
-413 	19 	14 	12 	11 	11 	
-412 	19 	14 	12 	11 	11 	
-411 	19 	14 	12 	11 	11 	
-410 	19 	14 	12 	11 	11 	
-409 	19 	14 	12 	11 	11 	
-408 	19 	14 	12 	11 	11 	
-407 	19 	14 	12 	11 	11 	
-406 	19 	14 	12 	11 	11 	
-405 	19 	14 	12 	11 	11 	
-404 	19 	14 	12 	11 	11 	
-403 	19 	14 	12 	11 	11 	
-402 	19 	14 	12 	11 	11 	
-401 	19 	14 	12 	11 	11 	
-400 	19 	14 	12 	11 	11 	
-399 	19 	14 	12 	11 	11 	
-398 	19 	14 	12 	11 	11 	
-397 	19 	14 	12 	11 	11 	
-396 	19 	14 	12 	11 	11 	
-395 	19 	14 	12 	11 	11 	
-394 	19 	14 	12 	11 	11 	
-393 	19 	14 	12 	11 	11 	
-392 	19 	14 	12 	11 	11 	
-391 	19 	14 	12 	11 	11 	
-390 	19 	14 	12 	11 	11 	
-389 	19 	14 	12 	11 	11 	
-388 	19 	14 	12 	11 	11 	
-387 	19 	14 	12 	11 	11 	
-386 	19 	14 	12 	11 	11 	
-385 	19 	14 	12 	11 	11 	
-384 	19 	14 	12 	11 	11 	
-383 	18 	13 	11 	11 	11 	
-382 	18 	13 	11 	11 	11 	
-381 	18 	13 	11 	11 	11 	
-380 	18 	13 	11 	11 	11 	
-379 	18 	13 	11 	11 	11 	
-378 	18 	13 	11 	11 	11 	
-377 	18 	13 	11 	11 	11 	
-376 	18 	13 	11 	11 	11 	
-375 	18 	13 	11 	11 	11 	
-374 	18 	13 	11 	11 	11 	
-373 	18 	13 	11 	11 	11 	
-372 	18 	13 	11 	11 	11 	
-371 	18 	13 	11 	11 	11 	
-370 	18 	13 	11 	11 	11 	
-369 	18 	13 	11 	11 	11 	
-368 	18 	13 	11 	11 	11 	
-367 	18 	13 	11 	11 	11 	
-366 	18 	13 	11 	11 	11 	
-365 	18 	13 	11 	11 	11 	
-364 	18 	13 	11 	11 	11 	
-363 	18 	13 	11 	11 	11 	
-362 	18 	13 	11 	11 	11 	
-361 	18 	13 	11 	11 	11 	
-360 	18 	13 	11 	11 	11 	
-359 	18 	13 	11 	11 	11 	
-358 	18 	13 	11 	11 	11 	
-357 	18 	13 	11 	11 	11 	
-356 	18 	13 	11 	11 	11 	
-355 	18 	13 	11 	11 	11 	
-354 	18 	13 	11 	11 	11 	
-353 	18 	13 	11 	11 	11 	
-352 	18 	13 	11 	11 	11 	
-351 	17 	13 	11 	11 	11 	
-350 	17 	13 	11 	11 	11 	
-349 	17 	13 	11 	11 	11 	
-348 	17 	13 	11 	11 	11 	
-347 	17 	13 	11 	11 	11 	
-346 	17 	13 	11 	11 	11 	
-345 	17 	13 	11 	11 	11 	
-344 	17 	13 	11 	11 	11 	
-343 	17 	13 	11 	11 	11 	
-342 	17 	13 	11 	11 	11 	
-341 	17 	13 	11 	11 	11 	
-340 	17 	13 	11 	11 	11 	
-339 	17 	13 	11 	11 	11 	
-338 	17 	13 	11 	11 	11 	
-337 	17 	13 	11 	11 	11 	
-336 	17 	13 	11 	11 	11 	
-335 	17 	13 	11 	11 	11 	
-334 	17 	13 	11 	11 	11 	
-333 	17 	13 	11 	11 	11 	
-332 	17 	13 	11 	11 	11 	
-331 	17 	13 	11 	11 	11 	
-330 	17 	13 	11 	11 	11 	
-329 	17 	13 	11 	11 	11 	
-328 	17 	13 	11 	11 	11 	
-327 	17 	13 	11 	11 	11 	
-326 	17 	13 	11 	11 	11 	
-325 	17 	13 	11 	11 	11 	
-324 	17 	13 	11 	11 	11 	
-323 	17 	13 	11 	11 	11 	
-322 	17 	13 	11 	11 	11 	
-321 	17 	13 	11 	11 	11 	
-320 	17 	13 	11 	11 	11 	
-319 	16 	12 	11 	11 	11 	
-318 	16 	12 	11 	11 	11 	
-317 	16 	12 	11 	11 	11 	
-316 	16 	12 	11 	11 	11 	
-315 	16 	12 	11 	11 	11 	
-314 	16 	12 	11 	11 	11 	
-313 	16 	12 	11 	11 	11 	
-312 	16 	12 	11 	11 	11 	
-311 	16 	12 	11 	11 	11 	
-310 	16 	12 	11 	11 	11 	
-309 	16 	12 	11 	11 	11 	
-308 	16 	12 	11 	11 	11 	
-307 	16 	12 	11 	11 	11 	
-306 	16 	12 	11 	11 	11 	
-305 	16 	12 	11 	11 	11 	
-304 	16 	12 	11 	11 	11 	
-303 	16 	12 	11 	11 	11 	
-302 	16 	12 	11 	11 	11 	
-301 	16 	12 	11 	11 	11 	
-300 	16 	12 	11 	11 	11 	
-299 	16 	12 	11 	11 	11 	
-298 	16 	12 	11 	11 	11 	
-297 	16 	12 	11 	11 	11 	
-296 	16 	12 	11 	11 	11 	
-295 	16 	12 	11 	11 	11 	
-294 	16 	12 	11 	11 	11 	
-293 	16 	12 	11 	11 	11 	
-292 	16 	12 	11 	11 	11 	
-291 	16 	12 	11 	11 	11 	
-290 	16 	12 	11 	11 	11 	
-289 	16 	12 	11 	11 	11 	
-288 	16 	12 	11 	11 	11 	
-287 	15 	12 	11 	11 	11 	
-286 	15 	12 	11 	11 	11 	
-285 	15 	12 	11 	11 	11 	
-284 	15 	12 	11 	11 	11 	
-283 	15 	12 	11 	11 	11 	
-282 	15 	12 	11 	11 	11 	
-281 	15 	12 	11 	11 	11 	
-280 	15 	12 	11 	11 	11 	
-279 	15 	12 	11 	11 	11 	
-278 	15 	12 	11 	11 	11 	
-277 	15 	12 	11 	11 	11 	
-276 	15 	12 	11 	11 	11 	
-275 	15 	12 	11 	11 	11 	
-274 	15 	12 	11 	11 	11 	
-273 	15 	12 	11 	11 	11 	
-272 	15 	12 	11 	11 	11 	
-271 	15 	12 	11 	11 	11 	
-270 	15 	12 	11 	11 	11 	
-269 	15 	12 	11 	11 	11 	
-268 	15 	12 	11 	11 	11 	
-267 	15 	12 	11 	11 	11 	
-266 	15 	12 	11 	11 	11 	
-265 	15 	12 	11 	11 	11 	
-264 	15 	12 	11 	11 	11 	
-263 	15 	12 	11 	11 	11 	
-262 	15 	12 	11 	11 	11 	
-261 	15 	12 	11 	11 	11 	
-260 	15 	12 	11 	11 	11 	
-259 	15 	12 	11 	11 	11 	
-258 	15 	12 	11 	11 	11 	
-257 	15 	12 	11 	11 	11 	
-256 	15 	12 	11 	11 	11 	
-255 	14 	11 	10 	10 	11 	
-254 	14 	11 	10 	10 	11 	
-253 	14 	11 	10 	10 	11 	
-252 	14 	11 	10 	10 	11 	
-251 	14 	11 	10 	10 	11 	
-250 	14 	11 	10 	10 	11 	
-249 	14 	11 	10 	10 	11 	
-248 	14 	11 	10 	10 	11 	
-247 	14 	11 	10 	10 	11 	
-246 	14 	11 	10 	10 	11 	
-245 	14 	11 	10 	10 	11 	
-244 	14 	11 	10 	10 	11 	
-243 	14 	11 	10 	10 	11 	
-242 	14 	11 	10 	10 	11 	
-241 	14 	11 	10 	10 	11 	
-240 	14 	11 	10 	10 	11 	
-239 	14 	11 	10 	10 	11 	
-238 	14 	11 	10 	10 	11 	
-237 	14 	11 	10 	10 	11 	
-236 	14 	11 	10 	10 	11 	
-235 	14 	11 	10 	10 	11 	
-234 	14 	11 	10 	10 	11 	
-233 	14 	11 	10 	10 	11 	
-232 	14 	11 	10 	10 	11 	
-231 	14 	11 	10 	10 	11 	
-230 	14 	11 	10 	10 	11 	
-229 	14 	11 	10 	10 	11 	
-228 	14 	11 	10 	10 	11 	
-227 	14 	11 	10 	10 	11 	
-226 	14 	11 	10 	10 	11 	
-225 	14 	11 	10 	10 	11 	
-224 	14 	11 	10 	10 	11 	
-223 	13 	11 	10 	10 	11 	
-222 	13 	11 	10 	10 	11 	
-221 	13 	11 	10 	10 	11 	
-220 	13 	11 	10 	10 	11 	
-219 	13 	11 	10 	10 	11 	
-218 	13 	11 	10 	10 	11 	
-217 	13 	11 	10 	10 	11 	
-216 	13 	11 	10 	10 	11 	
-215 	13 	11 	10 	10 	11 	
-214 	13 	11 	10 	10 	11 	
-213 	13 	11 	10 	10 	11 	
-212 	13 	11 	10 	10 	11 	
-211 	13 	11 	10 	10 	11 	
-210 	13 	11 	10 	10 	11 	
-209 	13 	11 	10 	10 	11 	
-208 	13 	11 	10 	10 	11 	
-207 	13 	11 	10 	10 	11 	
-206 	13 	11 	10 	10 	11 	
-205 	13 	11 	10 	10 	11 	
-204 	13 	11 	10 	10 	11 	
-203 	13 	11 	10 	10 	11 	
-202 	13 	11 	10 	10 	11 	
-201 	13 	11 	10 	10 	11 	
-200 	13 	11 	10 	10 	11 	
-199 	13 	11 	10 	10 	11 	
-198 	13 	11 	10 	10 	11 	
-197 	13 	11 	10 	10 	11 	
-196 	13 	11 	10 	10 	11 	
-195 	13 	11 	10 	10 	11 	
-194 	13 	11 	10 	10 	11 	
-193 	13 	11 	10 	10 	11 	
-192 	13 	11 	10 	10 	11 	
-191 	12 	10 	10 	10 	11 	
-190 	12 	10 	10 	10 	11 	
-189 	12 	10 	10 	10 	11 	
-188 	12 	10 	10 	10 	11 	
-187 	12 	10 	10 	10 	11 	
-186 	12 	10 	10 	10 	11 	
-185 	12 	10 	10 	10 	11 	
-184 	12 	10 	10 	10 	11 	
-183 	12 	10 	10 	10 	11 	
-182 	12 	10 	10 	10 	11 	
-181 	12 	10 	10 	10 	11 	
-180 	12 	10 	10 	10 	11 	
-179 	12 	10 	10 	10 	11 	
-178 	12 	10 	10 	10 	11 	
-177 	12 	10 	10 	10 	11 	
-176 	12 	10 	10 	10 	11 	
-175 	12 	10 	10 	10 	11 	
-174 	12 	10 	10 	10 	11 	
-173 	12 	10 	10 	10 	11 	
-172 	12 	10 	10 	10 	11 	
-171 	12 	10 	10 	10 	11 	
-170 	12 	10 	10 	10 	11 	
-169 	12 	10 	10 	10 	11 	
-168 	12 	10 	10 	10 	11 	
-167 	12 	10 	10 	10 	11 	
-166 	12 	10 	10 	10 	11 	
-165 	12 	10 	10 	10 	11 	
-164 	12 	10 	10 	10 	11 	
-163 	12 	10 	10 	10 	11 	
-162 	12 	10 	10 	10 	11 	
-161 	12 	10 	10 	10 	11 	
-160 	12 	10 	10 	10 	11 	
-159 	11 	10 	10 	10 	11 	
-158 	11 	10 	10 	10 	11 	
-157 	11 	10 	10 	10 	11 	
-156 	11 	10 	10 	10 	11 	
-155 	11 	10 	10 	10 	11 	
-154 	11 	10 	10 	10 	11 	
-153 	11 	10 	10 	10 	11 	
-152 	11 	10 	10 	10 	11 	
-151 	11 	10 	10 	10 	11 	
-150 	11 	10 	10 	10 	11 	
-149 	11 	10 	10 	10 	11 	
-148 	11 	10 	10 	10 	11 	
-147 	11 	10 	10 	10 	11 	
-146 	11 	10 	10 	10 	11 	
-145 	11 	10 	10 	10 	11 	
-144 	11 	10 	10 	10 	11 	
-143 	11 	10 	10 	10 	11 	
-142 	11 	10 	10 	10 	11 	
-141 	11 	10 	10 	10 	11 	
-140 	11 	10 	10 	10 	11 	
-139 	11 	10 	10 	10 	11 	
-138 	11 	10 	10 	10 	11 	
-137 	11 	10 	10 	10 	11 	
-136 	11 	10 	10 	10 	11 	
-135 	11 	10 	10 	10 	11 	
-134 	11 	10 	10 	10 	11 	
-133 	11 	10 	10 	10 	11 	
-132 	11 	10 	10 	10 	11 	
-131 	11 	10 	10 	10 	11 	
-130 	11 	10 	10 	10 	11 	
-129 	11 	10 	10 	10 	11 	
-128 	11 	10 	10 	10 	11 	
-127 	10 	9 	9 	10 	11 	
-126 	10 	9 	9 	10 	11 	
-125 	10 	9 	9 	10 	11 	
-124 	10 	9 	9 	10 	11 	
-123 	10 	9 	9 	10 	11 	
-122 	10 	9 	9 	10 	11 	
-121 	10 	9 	9 	10 	11 	
-120 	10 	9 	9 	10 	11 	
-119 	10 	9 	9 	10 	11 	
-118 	10 	9 	9 	10 	11 	
-117 	10 	9 	9 	10 	11 	
-116 	10 	9 	9 	10 	11 	
-115 	10 	9 	9 	10 	11 	
-114 	10 	9 	9 	10 	11 	
-113 	10 	9 	9 	10 	11 	
-112 	10 	9 	9 	10 	11 	
-111 	10 	9 	9 	10 	11 	
-110 	10 	9 	9 	10 	11 	
-109 	10 	9 	9 	10 	11 	
-108 	10 	9 	9 	10 	11 	
-107 	10 	9 	9 	10 	11 	
-106 	10 	9 	9 	10 	11 	
-105 	10 	9 	9 	10 	11 	
-104 	10 	9 	9 	10 	11 	
-103 	10 	9 	9 	10 	11 	
-102 	10 	9 	9 	10 	11 	
-101 	10 	9 	9 	10 	11 	
-100 	10 	9 	9 	10 	11 	
-99 	10 	9 	9 	10 	11 	
-98 	10 	9 	9 	10 	11 	
-97 	10 	9 	9 	10 	11 	
-96 	10 	9 	9 	10 	11 	
-95 	9 	9 	9 	10 	11 	
-94 	9 	9 	9 	10 	11 	
-93 	9 	9 	9 	10 	11 	
-92 	9 	9 	9 	10 	11 	
-91 	9 	9 	9 	10 	11 	
-90 	9 	9 	9 	10 	11 	
-89 	9 	9 	9 	10 	11 	
-88 	9 	9 	9 	10 	11 	
-87 	9 	9 	9 	10 	11 	
-86 	9 	9 	9 	10 	11 	
-85 	9 	9 	9 	10 	11 	
-84 	9 	9 	9 	10 	11 	
-83 	9 	9 	9 	10 	11 	
-82 	9 	9 	9 	10 	11 	
-81 	9 	9 	9 	10 	11 	
-80 	9 	9 	9 	10 	11 	
-79 	9 	9 	9 	10 	11 	
-78 	9 	9 	9 	10 	11 	
-77 	9 	9 	9 	10 	11 	
-76 	9 	9 	9 	10 	11 	
-75 	9 	9 	9 	10 	11 	
-74 	9 	9 	9 	10 	11 	
-73 	9 	9 	9 	10 	11 	
-72 	9 	9 	9 	10 	11 	
-71 	9 	9 	9 	10 	11 	
-70 	9 	9 	9 	10 	11 	
-69 	9 	9 	9 	10 	11 	
-68 	9 	9 	9 	10 	11 	
-67 	9 	9 	9 	10 	11 	
-66 	9 	9 	9 	10 	11 	
-65 	9 	9 	9 	10 	11 	
-64 	9 	9 	9 	10 	11 	
-63 	8 	8 	9 	10 	11 	
-62 	8 	8 	9 	10 	11 	
-61 	8 	8 	9 	10 	11 	
-60 	8 	8 	9 	10 	11 	
-59 	8 	8 	9 	10 	11 	
-58 	8 	8 	9 	10 	11 	
-57 	8 	8 	9 	10 	11 	
-56 	8 	8 	9 	10 	11 	
-55 	8 	8 	9 	10 	11 	
-54 	8 	8 	9 	10 	11 	
-53 	8 	8 	9 	10 	11 	
-52 	8 	8 	9 	10 	11 	
-51 	8 	8 	9 	10 	11 	
-50 	8 	8 	9 	10 	11 	
-49 	8 	8 	9 	10 	11 	
-48 	8 	8 	9 	10 	11 	
-47 	8 	8 	9 	10 	11 	
-46 	8 	8 	9 	10 	11 	
-45 	8 	8 	9 	10 	11 	
-44 	8 	8 	9 	10 	11 	
-43 	8 	8 	9 	10 	11 	
-42 	8 	8 	9 	10 	11 	
-41 	8 	8 	9 	10 	11 	
-40 	8 	8 	9 	10 	11 	
-39 	8 	8 	9 	10 	11 	
-38 	8 	8 	9 	10 	11 	
-37 	8 	8 	9 	10 	11 	
-36 	8 	8 	9 	10 	11 	
-35 	8 	8 	9 	10 	11 	
-34 	8 	8 	9 	10 	11 	
-33 	8 	8 	9 	10 	11 	
-32 	8 	8 	9 	10 	11 	
-31 	7 	8 	9 	10 	11 	
-30 	7 	8 	9 	10 	11 	
-29 	7 	8 	9 	10 	11 	
-28 	7 	8 	9 	10 	11 	
-27 	7 	8 	9 	10 	11 	
-26 	7 	8 	9 	10 	11 	
-25 	7 	8 	9 	10 	11 	
-24 	7 	8 	9 	10 	11 	
-23 	7 	8 	9 	10 	11 	
-22 	7 	8 	9 	10 	11 	
-21 	7 	8 	9 	10 	11 	
-20 	7 	8 	9 	10 	11 	
-19 	7 	8 	9 	10 	11 	
-18 	7 	8 	9 	10 	11 	
-17 	7 	8 	9 	10 	11 	
-16 	7 	8 	9 	10 	11 	
-15 	7 	8 	9 	10 	11 	
-14 	7 	8 	9 	10 	11 	
-13 	7 	8 	9 	10 	11 	
-12 	7 	8 	9 	10 	11 	
-11 	7 	8 	9 	10 	11 	
-10 	7 	8 	9 	10 	11 	
-9 	7 	8 	9 	10 	11 	
-8 	7 	8 	9 	10 	11 	
-7 	7 	8 	9 	10 	11 	
-6 	7 	8 	9 	10 	11 	
-5 	7 	8 	9 	10 	11 	
-4 	7 	8 	9 	10 	11 	
-3 	7 	8 	9 	10 	11 	
-2 	7 	8 	9 	10 	11 	
-1 	7 	8 	9 	10 	11 	
0 	7 	8 	9 	10 	11 	
1 	7 	8 	9 	10 	11 	
2 	7 	8 	9 	10 	11 	
3 	7 	8 	9 	10 	11 	
4 	7 	8 	9 	10 	11 	
5 	7 	8 	9 	10 	11 	
6 	7 	8 	9 	10 	11 	
7 	7 	8 	9 	10 	11 	
8 	7 	8 	9 	10 	11 	
9 	7 	8 	9 	10 	11 	
10 	7 	8 	9 	10 	11 	
11 	7 	8 	9 	10 	11 	
12 	7 	8 	9 	10 	11 	
13 	7 	8 	9 	10 	11 	
14 	7 	8 	9 	10 	11 	
15 	7 	8 	9 	10 	11 	
16 	7 	8 	9 	10 	11 	
17 	7 	8 	9 	10 	11 	
18 	7 	8 	9 	10 	11 	
19 	7 	8 	9 	10 	11 	
20 	7 	8 	9 	10 	11 	
21 	7 	8 	9 	10 	11 	
22 	7 	8 	9 	10 	11 	
23 	7 	8 	9 	10 	11 	
24 	7 	8 	9 	10 	11 	
25 	7 	8 	9 	10 	11 	
26 	7 	8 	9 	10 	11 	
27 	7 	8 	9 	10 	11 	
28 	7 	8 	9 	10 	11 	
29 	7 	8 	9 	10 	11 	
30 	7 	8 	9 	10 	11 	
31 	7 	8 	9 	10 	11 	
32 	8 	8 	9 	10 	11 	
33 	8 	8 	9 	10 	11 	
34 	8 	8 	9 	10 	11 	
35 	8 	8 	9 	10 	11 	
36 	8 	8 	9 	10 	11 	
37 	8 	8 	9 	10 	11 	
38 	8 	8 	9 	10 	11 	
39 	8 	8 	9 	10 	11 	
40 	8 	8 	9 	10 	11 	
41 	8 	8 	9 	10 	11 	
42 	8 	8 	9 	10 	11 	
43 	8 	8 	9 	10 	11 	
44 	8 	8 	9 	10 	11 	
45 	8 	8 	9 	10 	11 	
46 	8 	8 	9 	10 	11 	
47 	8 	8 	9 	10 	11 	
48 	8 	8 	9 	10 	11 	
49 	8 	8 	9 	10 	11 	
50 	8 	8 	9 	10 	11 	
51 	8 	8 	9 	10 	11 	
52 	8 	8 	9 	10 	11 	
53 	8 	8 	9 	10 	11 	
54 	8 	8 	9 	10 	11 	
55 	8 	8 	9 	10 	11 	
56 	8 	8 	9 	10 	11 	
57 	8 	8 	9 	10 	11 	
58 	8 	8 	9 	10 	11 	
59 	8 	8 	9 	10 	11 	
60 	8 	8 	9 	10 	11 	
61 	8 	8 	9 	10 	11 	
62 	8 	8 	9 	10 	11 	
63 	8 	8 	9 	10 	11 	
64 	9 	9 	9 	10 	11 	
65 	9 	9 	9 	10 	11 	
66 	9 	9 	9 	10 	11 	
67 	9 	9 	9 	10 	11 	
68 	9 	9 	9 	10 	11 	
69 	9 	9 	9 	10 	11 	
70 	9 	9 	9 	10 	11 	
71 	9 	9 	9 	10 	11 	
72 	9 	9 	9 	10 	11 	
73 	9 	9 	9 	10 	11 	
74 	9 	9 	9 	10 	11 	
75 	9 	9 	9 	10 	11 	
76 	9 	9 	9 	10 	11 	
77 	9 	9 	9 	10 	11 	
78 	9 	9 	9 	10 	11 	
79 	9 	9 	9 	10 	11 	
80 	9 	9 	9 	10 	11 	
81 	9 	9 	9 	10 	11 	
82 	9 	9 	9 	10 	11 	
83 	9 	9 	9 	10 	11 	
84 	9 	9 	9 	10 	11 	
85 	9 	9 	9 	10 	11 	
86 	9 	9 	9 	10 	11 	
87 	9 	9 	9 	10 	11 	
88 	9 	9 	9 	10 	11 	
89 	9 	9 	9 	10 	11 	
90 	9 	9 	9 	10 	11 	
91 	9 	9 	9 	10 	11 	
92 	9 	9 	9 	10 	11 	
93 	9 	9 	9 	10 	11 	
94 	9 	9 	9 	10 	11 	
95 	9 	9 	9 	10 	11 	
96 	10 	9 	9 	10 	11 	
97 	10 	9 	9 	10 	11 	
98 	10 	9 	9 	10 	11 	
99 	10 	9 	9 	10 	11 	
100 	10 	9 	9 	10 	11 	
101 	10 	9 	9 	10 	11 	
102 	10 	9 	9 	10 	11 	
103 	10 	9 	9 	10 	11 	
104 	10 	9 	9 	10 	11 	
105 	10 	9 	9 	10 	11 	
106 	10 	9 	9 	10 	11 	
107 	10 	9 	9 	10 	11 	
108 	10 	9 	9 	10 	11 	
109 	10 	9 	9 	10 	11 	
110 	10 	9 	9 	10 	11 	
111 	10 	9 	9 	10 	11 	
112 	10 	9 	9 	10 	11 	
113 	10 	9 	9 	10 	11 	
114 	10 	9 	9 	10 	11 	
115 	10 	9 	9 	10 	11 	
116 	10 	9 	9 	10 	11 	
117 	10 	9 	9 	10 	11 	
118 	10 	9 	9 	10 	11 	
119 	10 	9 	9 	10 	11 	
120 	10 	9 	9 	10 	11 	
121 	10 	9 	9 	10 	11 	
122 	10 	9 	9 	10 	11 	
123 	10 	9 	9 	10 	11 	
124 	10 	9 	9 	10 	11 	
125 	10 	9 	9 	10 	11 	
126 	10 	9 	9 	10 	11 	
127 	10 	9 	9 	10 	11 	
128 	11 	10 	10 	10 	11 	
129 	11 	10 	10 	10 	11 	
130 	11 	10 	10 	10 	11 	
131 	11 	10 	10 	10 	11 	
132 	11 	10 	10 	10 	11 	
133 	11 	10 	10 	10 	11 	
134 	11 	10 	10 	10 	11 	
135 	11 	10 	10 	10 	11 	
136 	11 	10 	10 	10 	11 	
137 	11 	10 	10 	10 	11 	
138 	11 	10 	10 	10 	11 	
139 	11 	10 	10 	10 	11 	
140 	11 	10 	10 	10 	11 	
141 	11 	10 	10 	10 	11 	
142 	11 	10 	10 	10 	11 	
143 	11 	10 	10 	10 	11 	
144 	11 	10 	10 	10 	11 	
145 	11 	10 	10 	10 	11 	
146 	11 	10 	10 	10 	11 	
147 	11 	10 	10 	10 	11 	
148 	11 	10 	10 	10 	11 	
149 	11 	10 	10 	10 	11 	
150 	11 	10 	10 	10 	11 	
151 	11 	10 	10 	10 	11 	
152 	11 	10 	10 	10 	11 	
153 	11 	10 	10 	10 	11 	
154 	11 	10 	10 	10 	11 	
155 	11 	10 	10 	10 	11 	
156 	11 	10 	10 	10 	11 	
157 	11 	10 	10 	10 	11 	
158 	11 	10 	10 	10 	11 	
159 	11 	10 	10 	10 	11 	
160 	12 	10 	10 	10 	11 	
161 	12 	10 	10 	10 	11 	
162 	12 	10 	10 	10 	11 	
163 	12 	10 	10 	10 	11 	
164 	12 	10 	10 	10 	11 	
165 	12 	10 	10 	10 	11 	
166 	12 	10 	10 	10 	11 	
167 	12 	10 	10 	10 	11 	
168 	12 	10 	10 	10 	11 	
169 	12 	10 	10 	10 	11 	
170 	12 	10 	10 	10 	11 	
171 	12 	10 	10 	10 	11 	
172 	12 	10 	10 	10 	11 	
173 	12 	10 	10 	10 	11 	
174 	12 	10 	10 	10 	11 	
175 	12 	10 	10 	10 	11 	
176 	12 	10 	10 	10 	11 	
177 	12 	10 	10 	10 	11 	
178 	12 	10 	10 	10 	11 	
179 	12 	10 	10 	10 	11 	
180 	12 	10 	10 	10 	11 	
181 	12 	10 	10 	10 	11 	
182 	12 	10 	10 	10 	11 	
183 	12 	10 	10 	10 	11 	
184 	12 	10 	10 	10 	11 	
185 	12 	10 	10 	10 	11 	
186 	12 	10 	10 	10 	11 	
187 	12 	10 	10 	10 	11 	
188 	12 	10 	10 	10 	11 	
189 	12 	10 	10 	10 	11 	
190 	12 	10 	10 	10 	11 	
191 	12 	10 	10 	10 	11 	
192 	13 	11 	10 	10 	11 	
193 	13 	11 	10 	10 	11 	
194 	13 	11 	10 	10 	11 	
195 	13 	11 	10 	10 	11 	
196 	13 	11 	10 	10 	11 	
197 	13 	11 	10 	10 	11 	
198 	13 	11 	10 	10 	11 	
199 	13 	11 	10 	10 	11 	
200 	13 	11 	10 	10 	11 	
201 	13 	11 	10 	10 	11 	
202 	13 	11 	10 	10 	11 	
203 	13 	11 	10 	10 	11 	
204 	13 	11 	10 	10 	11 	
205 	13 	11 	10 	10 	11 	
206 	13 	11 	10 	10 	11 	
207 	13 	11 	10 	10 	11 	
208 	13 	11 	10 	10 	11 	
209 	13 	11 	10 	10 	11 	
210 	13 	11 	10 	10 	11 	
211 	13 	11 	10 	10 	11 	
212 	13 	11 	10 	10 	11 	
213 	13 	11 	10 	10 	11 	
214 	13 	11 	10 	10 	11 	
215 	13 	11 	10 	10 	11 	
216 	13 	11 	10 	10 	11 	
217 	13 	11 	10 	10 	11 	
218 	13 	11 	10 	10 	11 	
219 	13 	11 	10 	10 	11 	
220 	13 	11 	10 	10 	11 	
221 	13 	11 	10 	10 	11 	
222 	13 	11 	10 	10 	11 	
223 	13 	11 	10 	10 	11 	
224 	14 	11 	10 	10 	11 	
225 	14 	11 	10 	10 	11 	
226 	14 	11 	10 	10 	11 	
227 	14 	11 	10 	10 	11 	
228 	14 	11 	10 	10 	11 	
229 	14 	11 	10 	10 	11 	
230 	14 	11 	10 	10 	11 	
231 	14 	11 	10 	10 	11 	
232 	14 	11 	10 	10 	11 	
233 	14 	11 	10 	10 	11 	
234 	14 	11 	10 	10 	11 	
235 	14 	11 	10 	10 	11 	
236 	14 	11 	10 	10 	11 	
237 	14 	11 	10 	10 	11 	
238 	14 	11 	10 	10 	11 	
239 	14 	11 	10 	10 	11 	
240 	14 	11 	10 	10 	11 	
241 	14 	11 	10 	10 	11 	
242 	14 	11 	10 	10 	11 	
243 	14 	11 	10 	10 	11 	
244 	14 	11 	10 	10 	11 	
245 	14 	11 	10 	10 	11 	
246 	14 	11 	10 	10 	11 	
247 	14 	11 	10 	10 	11 	
248 	14 	11 	10 	10 	11 	
249 	14 	11 	10 	10 	11 	
250 	14 	11 	10 	10 	11 	
251 	14 	11 	10 	10 	11 	
252 	14 	11 	10 	10 	11 	
253 	14 	11 	10 	10 	11 	
254 	14 	11 	10 	10 	11 	
255 	14 	11 	10 	10 	11 	
256 	15 	12 	11 	11 	11 	
257 	15 	12 	11 	11 	11 	
258 	15 	12 	11 	11 	11 	
259 	15 	12 	11 	11 	11 	
260 	15 	12 	11 	11 	11 	
261 	15 	12 	11 	11 	11 	
262 	15 	12 	11 	11 	11 	
263 	15 	12 	11 	11 	11 	
264 	15 	12 	11 	11 	11 	
265 	15 	12 	11 	11 	11 	
266 	15 	12 	11 	11 	11 	
267 	15 	12 	11 	11 	11 	
268 	15 	12 	11 	11 	11 	
269 	15 	12 	11 	11 	11 	
270 	15 	12 	11 	11 	11 	
271 	15 	12 	11 	11 	11 	
272 	15 	12 	11 	11 	11 	
273 	15 	12 	11 	11 	11 	
274 	15 	12 	11 	11 	11 	
275 	15 	12 	11 	11 	11 	
276 	15 	12 	11 	11 	11 	
277 	15 	12 	11 	11 	11 	
278 	15 	12 	11 	11 	11 	
279 	15 	12 	11 	11 	11 	
280 	15 	12 	11 	11 	11 	
281 	15 	12 	11 	11 	11 	
282 	15 	12 	11 	11 	11 	
283 	15 	12 	11 	11 	11 	
284 	15 	12 	11 	11 	11 	
285 	15 	12 	11 	11 	11 	
286 	15 	12 	11 	11 	11 	
287 	15 	12 	11 	11 	11 	
288 	16 	12 	11 	11 	11 	
289 	16 	12 	11 	11 	11 	
290 	16 	12 	11 	11 	11 	
291 	16 	12 	11 	11 	11 	
292 	16 	12 	11 	11 	11 	
293 	16 	12 	11 	11 	11 	
294 	16 	12 	11 	11 	11 	
295 	16 	12 	11 	11 	11 	
296 	16 	12 	11 	11 	11 	
297 	16 	12 	11 	11 	11 	
298 	16 	12 	11 	11 	11 	
299 	16 	12 	11 	11 	11 	
300 	16 	12 	11 	11 	11 	
301 	16 	12 	11 	11 	11 	
302 	16 	12 	11 	11 	11 	
303 	16 	12 	11 	11 	11 	
304 	16 	12 	11 	11 	11 	
305 	16 	12 	11 	11 	11 	
306 	16 	12 	11 	11 	11 	
307 	16 	12 	11 	11 	11 	
308 	16 	12 	11 	11 	11 	
309 	16 	12 	11 	11 	11 	
310 	16 	12 	11 	11 	11 	
311 	16 	12 	11 	11 	11 	
312 	16 	12 	11 	11 	11 	
313 	16 	12 	11 	11 	11 	
314 	16 	12 	11 	11 	11 	
315 	16 	12 	11 	11 	11 	
316 	16 	12 	11 	11 	11 	
317 	16 	12 	11 	11 	11 	
318 	16 	12 	11 	11 	11 	
319 	16 	12 	11 	11 	11 	
320 	17 	13 	11 	11 	11 	
321 	17 	13 	11 	11 	11 	
322 	17 	13 	11 	11 	11 	
323 	17 	13 	11 	11 	11 	
324 	17 	13 	11 	11 	11 	
325 	17 	13 	11 	11 	11 	
326 	17 	13 	11 	11 	11 	
327 	17 	13 	11 	11 	11 	
328 	17 	13 	11 	11 	11 	
329 	17 	13 	11 	11 	11 	
330 	17 	13 	11 	11 	11 	
331 	17 	13 	11 	11 	11 	
332 	17 	13 	11 	11 	11 	
333 	17 	13 	11 	11 	11 	
334 	17 	13 	11 	11 	11 	
335 	17 	13 	11 	11 	11 	
336 	17 	13 	11 	11 	11 	
337 	17 	13 	11 	11 	11 	
338 	17 	13 	11 	11 	11 	
339 	17 	13 	11 	11 	11 	
340 	17 	13 	11 	11 	11 	
341 	17 	13 	11 	11 	11 	
342 	17 	13 	11 	11 	11 	
343 	17 	13 	11 	11 	11 	
344 	17 	13 	11 	11 	11 	
345 	17 	13 	11 	11 	11 	
346 	17 	13 	11 	11 	11 	
347 	17 	13 	11 	11 	11 	
348 	17 	13 	11 	11 	11 	
349 	17 	13 	11 	11 	11 	
350 	17 	13 	11 	11 	11 	
351 	17 	13 	11 	11 	11 	
352 	18 	13 	11 	11 	11 	
353 	18 	13 	11 	11 	11 	
354 	18 	13 	11 	11 	11 	
355 	18 	13 	11 	11 	11 	
356 	18 	13 	11 	11 	11 	
357 	18 	13 	11 	11 	11 	
358 	18 	13 	11 	11 	11 	
359 	18 	13 	11 	11 	11 	
360 	18 	13 	11 	11 	11 	
361 	18 	13 	11 	11 	11 	
362 	18 	13 	11 	11 	11 	
363 	18 	13 	11 	11 	11 	
364 	18 	13 	11 	11 	11 	
365 	18 	13 	11 	11 	11 	
366 	18 	13 	11 	11 	11 	
367 	18 	13 	11 	11 	11 	
368 	18 	13 	11 	11 	11 	
369 	18 	13 	11 	11 	11 	
370 	18 	13 	11 	11 	11 	
371 	18 	13 	11 	11 	11 	
372 	18 	13 	11 	11 	11 	
373 	18 	13 	11 	11 	11 	
374 	18 	13 	11 	11 	11 	
375 	18 	13 	11 	11 	11 	
376 	18 	13 	11 	11 	11 	
377 	18 	13 	11 	11 	11 	
378 	18 	13 	11 	11 	11 	
379 	18 	13 	11 	11 	11 	
380 	18 	13 	11 	11 	11 	
381 	18 	13 	11 	11 	11 	
382 	18 	13 	11 	11 	11 	
383 	18 	13 	11 	11 	11 	
384 	19 	14 	12 	11 	11 	
385 	19 	14 	12 	11 	11 	
386 	19 	14 	12 	11 	11 	
387 	19 	14 	12 	11 	11 	
388 	19 	14 	12 	11 	11 	
389 	19 	14 	12 	11 	11 	
390 	19 	14 	12 	11 	11 	
391 	19 	14 	12 	11 	11 	
392 	19 	14 	12 	11 	11 	
393 	19 	14 	12 	11 	11 	
394 	19 	14 	12 	11 	11 	
395 	19 	14 	12 	11 	11 	
396 	19 	14 	12 	11 	11 	
397 	19 	14 	12 	11 	11 	
398 	19 	14 	12 	11 	11 	
399 	19 	14 	12 	11 	11 	
400 	19 	14 	12 	11 	11 	
401 	19 	14 	12 	11 	11 	
402 	19 	14 	12 	11 	11 	
403 	19 	14 	12 	11 	11 	
404 	19 	14 	12 	11 	11 	
405 	19 	14 	12 	11 	11 	
406 	19 	14 	12 	11 	11 	
407 	19 	14 	12 	11 	11 	
408 	19 	14 	12 	11 	11 	
409 	19 	14 	12 	11 	11 	
410 	19 	14 	12 	11 	11 	
411 	19 	14 	12 	11 	11 	
412 	19 	14 	12 	11 	11 	
413 	19 	14 	12 	11 	11 	
414 	19 	14 	12 	11 	11 	
415 	19 	14 	12 	11 	11 	
416 	20 	14 	12 	11 	11 	
417 	20 	14 	12 	11 	11 	
418 	20 	14 	12 	11 	11 	
419 	20 	14 	12 	11 	11 	
420 	20 	14 	12 	11 	11 	
421 	20 	14 	12 	11 	11 	
422 	20 	14 	12 	11 	11 	
423 	20 	14 	12 	11 	11 	
424 	20 	14 	12 	11 	11 	
425 	20 	14 	12 	11 	11 	
426 	20 	14 	12 	11 	11 	
427 	20 	14 	12 	11 	11 	
428 	20 	14 	12 	11 	11 	
429 	20 	14 	12 	11 	11 	
430 	20 	14 	12 	11 	11 	
431 	20 	14 	12 	11 	11 	
432 	20 	14 	12 	11 	11 	
433 	20 	14 	12 	11 	11 	
434 	20 	14 	12 	11 	11 	
435 	20 	14 	12 	11 	11 	
436 	20 	14 	12 	11 	11 	
437 	20 	14 	12 	11 	11 	
438 	20 	14 	12 	11 	11 	
439 	20 	14 	12 	11 	11 	
440 	20 	14 	12 	11 	11 	
441 	20 	14 	12 	11 	11 	
442 	20 	14 	12 	11 	11 	
443 	20 	14 	12 	11 	11 	
444 	20 	14 	12 	11 	11 	
445 	20 	14 	12 	11 	11 	
446 	20 	14 	12 	11 	11 	
447 	20 	14 	12 	11 	11 	
448 	21 	15 	12 	11 	11 	
449 	21 	15 	12 	11 	11 	
450 	21 	15 	12 	11 	11 	
451 	21 	15 	12 	11 	11 	
452 	21 	15 	12 	11 	11 	
453 	21 	15 	12 	11 	11 	
454 	21 	15 	12 	11 	11 	
455 	21 	15 	12 	11 	11 	
456 	21 	15 	12 	11 	11 	
457 	21 	15 	12 	11 	11 	
458 	21 	15 	12 	11 	11 	
459 	21 	15 	12 	11 	11 	
460 	21 	15 	12 	11 	11 	
461 	21 	15 	12 	11 	11 	
462 	21 	15 	12 	11 	11 	
463 	21 	15 	12 	11 	11 	
464 	21 	15 	12 	11 	11 	
465 	21 	15 	12 	11 	11 	
466 	21 	15 	12 	11 	11 	
467 	21 	15 	12 	11 	11 	
468 	21 	15 	12 	11 	11 	
469 	21 	15 	12 	11 	11 	
470 	21 	15 	12 	11 	11 	
471 	21 	15 	12 	11 	11 	
472 	21 	15 	12 	11 	11 	
473 	21 	15 	12 	11 	11 	
474 	21 	15 	12 	11 	11 	
475 	21 	15 	12 	11 	11 	
476 	21 	15 	12 	11 	11 	
477 	21 	15 	12 	11 	11 	
478 	21 	15 	12 	11 	11 	
479 	21 	15 	12 	11 	11 	
480 	22 	15 	12 	11 	11 	
481 	22 	15 	12 	11 	11 	
482 	22 	15 	12 	11 	11 	
483 	22 	15 	12 	11 	11 	
484 	22 	15 	12 	11 	11 	
485 	22 	15 	12 	11 	11 	
486 	22 	15 	12 	11 	11 	
487 	22 	15 	12 	11 	11 	
488 	22 	15 	12 	11 	11 	
489 	22 	15 	12 	11 	11 	
490 	22 	15 	12 	11 	11 	
491 	22 	15 	12 	11 	11 	
492 	22 	15 	12 	11 	11 	
493 	22 	15 	12 	11 	11 	
494 	22 	15 	12 	11 	11 	
495 	22 	15 	12 	11 	11 	
496 	22 	15 	12 	11 	11 	
497 	22 	15 	12 	11 	11 	
498 	22 	15 	12 	11 	11 	
499 	22 	15 	12 	11 	11 	
500 	22 	15 	12 	11 	11 	
501 	22 	15 	12 	11 	11 	
502 	22 	15 	12 	11 	11 	
503 	22 	15 	12 	11 	11 	
504 	22 	15 	12 	11 	11 	
505 	22 	15 	12 	11 	11 	
506 	22 	15 	12 	11 	11 	
507 	22 	15 	12 	11 	11 	
508 	22 	15 	12 	11 	11 	
509 	22 	15 	12 	11 	11 	
510 	22 	15 	12 	11 	11 	
511 	22 	15 	12 	11 	11 	
512 	23 	16 	13 	12 	12 	
513 	23 	16 	13 	12 	12 	
514 	23 	16 	13 	12 	12 	
515 	23 	16 	13 	12 	12 	
516 	23 	16 	13 	12 	12 	
517 	23 	16 	13 	12 	12 	
518 	23 	16 	13 	12 	12 	
519 	23 	16 	13 	12 	12 	
520 	23 	16 	13 	12 	12 	
521 	23 	16 	13 	12 	12 	
522 	23 	16 	13 	12 	12 	
523 	23 	16 	13 	12 	12 	
524 	23 	16 	13 	12 	12 	
525 	23 	16 	13 	12 	12 	
526 	23 	16 	13 	12 	12 	
527 	23 	16 	13 	12 	12 	
528 	23 	16 	13 	12 	12 	
529 	23 	16 	13 	12 	12 	
530 	23 	16 	13 	12 	12 	
531 	23 	16 	13 	12 	12 	
532 	23 	16 	13 	12 	12 	
533 	23 	16 	13 	12 	12 	
534 	23 	16 	13 	12 	12 	
535 	23 	16 	13 	12 	12 	
536 	23 	16 	13 	12 	12 	
537 	23 	16 	13 	12 	12 	
538 	23 	16 	13 	12 	12 	
539 	23 	16 	13 	12 	12 	
540 	23 	16 	13 	12 	12 	
541 	23 	16 	13 	12 	12 	
542 	23 	16 	13 	12 	12 	
543 	23 	16 	13 	12 	12 	
544 	24 	16 	13 	12 	12 	
545 	24 	16 	13 	12 	12 	
546 	24 	16 	13 	12 	12 	
547 	24 	16 	13 	12 	12 	
548 	24 	16 	13 	12 	12 	
549 	24 	16 	13 	12 	12 	
550 	24 	16 	13 	12 	12 	
551 	24 	16 	13 	12 	12 	
552 	24 	16 	13 	12 	12 	
553 	24 	16 	13 	12 	12 	
554 	24 	16 	13 	12 	12 	
555 	24 	16 	13 	12 	12 	
556 	24 	16 	13 	12 	12 	
557 	24 	16 	13 	12 	12 	
558 	24 	16 	13 	12 	12 	
559 	24 	16 	13 	12 	12 	
560 	24 	16 	13 	12 	12 	
561 	24 	16 	13 	12 	12 	
562 	24 	16 	13 	12 	12 	
563 	24 	16 	13 	12 	12 	
564 	24 	16 	13 	12 	12 	
565 	24 	16 	13 	12 	12 	
566 	24 	16 	13 	12 	12 	
567 	24 	16 	13 	12 	12 	
568 	24 	16 	13 	12 	12 	
569 	24 	16 	13 	12 	12 	
570 	24 	16 	13 	12 	12 	
571 	24 	16 	13 	12 	12 	
572 	24 	16 	13 	12 	12 	
573 	24 	16 	13 	12 	12 	
574 	24 	16 	13 	12 	12 	
575 	24 	16 	13 	12 	12 	
576 	25 	17 	13 	12 	12 	
577 	25 	17 	13 	12 	12 	
578 	25 	17 	13 	12 	12 	
579 	25 	17 	13 	12 	12 	
580 	25 	17 	13 	12 	12 	
581 	25 	17 	13 	12 	12 	
582 	25 	17 	13 	12 	12 	
583 	25 	17 	13 	12 	12 	
584 	25 	17 	13 	12 	12 	
585 	25 	17 	13 	12 	12 	
586 	25 	17 	13 	12 	12 	
587 	25 	17 	13 	12 	12 	
588 	25 	17 	13 	12 	12 	
589 	25 	17 	13 	12 	12 	
590 	25 	17 	13 	12 	12 	
591 	25 	17 	13 	12 	12 	
592 	25 	17 	13 	12 	12 	
593 	25 	17 	13 	12 	12 	
594 	25 	17 	13 	12 	12 	
595 	25 	17 	13 	12 	12 	
596 	25 	17 	13 	12 	12 	
597 	25 	17 	13 	12 	12 	
598 	25 	17 	13 	12 	12 	
599 	25 	17 	13 	12 	12 	
600 	25 	17 	13 	12 	12 	
601 	25 	17 	13 	12 	12 	
602 	25 	17 	13 	12 	12 	
603 	25 	17 	13 	12 	12 	
604 	25 	17 	13 	12 	12 	
605 	25 	17 	13 	12 	12 	
606 	25 	17 	13 	12 	12 	
607 	25 	17 	13 	12 	12 	
608 	26 	17 	13 	12 	12 	
609 	26 	17 	13 	12 	12 	
610 	26 	17 	13 	12 	12 	
611 	26 	17 	13 	12 	12 	
612 	26 	17 	13 	12 	12 	
613 	26 	17 	13 	12 	12 	
614 	26 	17 	13 	12 	12 	
615 	26 	17 	13 	12 	12 	
616 	26 	17 	13 	12 	12 	
617 	26 	17 	13 	12 	12 	
618 	26 	17 	13 	12 	12 	
619 	26 	17 	13 	12 	12 	
620 	26 	17 	13 	12 	12 	
621 	26 	17 	13 	12 	12 	
622 	26 	17 	13 	12 	12 	
623 	26 	17 	13 	12 	12 	
624 	26 	17 	13 	12 	12 	
625 	26 	17 	13 	12 	12 	
626 	26 	17 	13 	12 	12 	
627 	26 	17 	13 	12 	12 	
628 	26 	17 	13 	12 	12 	
629 	26 	17 	13 	12 	12 	
630 	26 	17 	13 	12 	12 	
631 	26 	17 	13 	12 	12 	
632 	26 	17 	13 	12 	12 	
633 	26 	17 	13 	12 	12 	
634 	26 	17 	13 	12 	12 	
635 	26 	17 	13 	12 	12 	
636 	26 	17 	13 	12 	12 	
637 	26 	17 	13 	12 	12 	
638 	26 	17 	13 	12 	12 	
639 	26 	17 	13 	12 	12 	
640 	27 	18 	14 	12 	12 	
641 	27 	18 	14 	12 	12 	
642 	27 	18 	14 	12 	12 	
643 	27 	18 	14 	12 	12 	
644 	27 	18 	14 	12 	12 	
645 	27 	18 	14 	12 	12 	
646 	27 	18 	14 	12 	12 	
647 	27 	18 	14 	12 	12 	
648 	27 	18 	14 	12 	12 	
649 	27 	18 	14 	12 	12 	
650 	27 	18 	14 	12 	12 	
651 	27 	18 	14 	12 	12 	
652 	27 	18 	14 	12 	12 	
653 	27 	18 	14 	12 	12 	
654 	27 	18 	14 	12 	12 	
655 	27 	18 	14 	12 	12 	
656 	27 	18 	14 	12 	12 	
657 	27 	18 	14 	12 	12 	
658 	27 	18 	14 	12 	12 	
659 	27 	18 	14 	12 	12 	
660 	27 	18 	14 	12 	12 	
661 	27 	18 	14 	12 	12 	
662 	27 	18 	14 	12 	12 	
663 	27 	18 	14 	12 	12 	
664 	27 	18 	14 	12 	12 	
665 	27 	18 	14 	12 	12 	
666 	27 	18 	14 	12 	12 	
667 	27 	18 	14 	12 	12 	
668 	27 	18 	14 	12 	12 	
669 	27 	18 	14 	12 	12 	
670 	27 	18 	14 	12 	12 	
671 	27 	18 	14 	12 	12 	
672 	28 	18 	14 	12 	12 	
673 	28 	18 	14 	12 	12 	
674 	28 	18 	14 	12 	12 	
675 	28 	18 	14 	12 	12 	
676 	28 	18 	14 	12 	12 	
677 	28 	18 	14 	12 	12 	
678 	28 	18 	14 	12 	12 	
679 	28 	18 	14 	12 	12 	
680 	28 	18 	14 	12 	12 	
681 	28 	18 	14 	12 	12 	
682 	28 	18 	14 	12 	12 	
683 	28 	18 	14 	12 	12 	
684 	28 	18 	14 	12 	12 	
685 	28 	18 	14 	12 	12 	
686 	28 	18 	14 	12 	12 	
687 	28 	18 	14 	12 	12 	
688 	28 	18 	14 	12 	12 	
689 	28 	18 	14 	12 	12 	
690 	28 	18 	14 	12 	12 	
691 	28 	18 	14 	12 	12 	
692 	28 	18 	14 	12 	12 	
693 	28 	18 	14 	12 	12 	
694 	28 	18 	14 	12 	12 	
695 	28 	18 	14 	12 	12 	
696 	28 	18 	14 	12 	12 	
697 	28 	18 	14 	12 	12 	
698 	28 	18 	14 	12 	12 	
699 	28 	18 	14 	12 	12 	
700 	28 	18 	14 	12 	12 	
701 	28 	18 	14 	12 	12 	
702 	28 	18 	14 	12 	12 	
703 	28 	18 	14 	12 	12 	
704 	29 	19 	14 	12 	12 	
705 	29 	19 	14 	12 	12 	
706 	29 	19 	14 	12 	12 	
707 	29 	19 	14 	12 	12 	
708 	29 	19 	14 	12 	12 	
709 	29 	19 	14 	12 	12 	
710 	29 	19 	14 	12 	12 	
711 	29 	19 	14 	12 	12 	
712 	29 	19 	14 	12 	12 	
713 	29 	19 	14 	12 	12 	
714 	29 	19 	14 	12 	12 	
715 	29 	19 	14 	12 	12 	
716 	29 	19 	14 	12 	12 	
717 	29 	19 	14 	12 	12 	
718 	29 	19 	14 	12 	12 	
719 	29 	19 	14 	12 	12 	
720 	29 	19 	14 	12 	12 	
721 	29 	19 	14 	12 	12 	
722 	29 	19 	14 	12 	12 	
723 	29 	19 	14 	12 	12 	
724 	29 	19 	14 	12 	12 	
725 	29 	19 	14 	12 	12 	
726 	29 	19 	14 	12 	12 	
727 	29 	19 	14 	12 	12 	
728 	29 	19 	14 	12 	12 	
729 	29 	19 	14 	12 	12 	
730 	29 	19 	14 	12 	12 	
731 	29 	19 	14 	12 	12 	
732 	29 	19 	14 	12 	12 	
733 	29 	19 	14 	12 	12 	
734 	29 	19 	14 	12 	12 	
735 	29 	19 	14 	12 	12 	
736 	30 	19 	14 	12 	12 	
737 	30 	19 	14 	12 	12 	
738 	30 	19 	14 	12 	12 	
739 	30 	19 	14 	12 	12 	
740 	30 	19 	14 	12 	12 	
741 	30 	19 	14 	12 	12 	
742 	30 	19 	14 	12 	12 	
743 	30 	19 	14 	12 	12 	
744 	30 	19 	14 	12 	12 	
745 	30 	19 	14 	12 	12 	
746 	30 	19 	14 	12 	12 	
747 	30 	19 	14 	12 	12 	
748 	30 	19 	14 	12 	12 	
749 	30 	19 	14 	12 	12 	
750 	30 	19 	14 	12 	12 	
751 	30 	19 	14 	12 	12 	
752 	30 	19 	14 	12 	12 	
753 	30 	19 	14 	12 	12 	
754 	30 	19 	14 	12 	12 	
755 	30 	19 	14 	12 	12 	
756 	30 	19 	14 	12 	12 	
757 	30 	19 	14 	12 	12 	
758 	30 	19 	14 	12 	12 	
759 	30 	19 	14 	12 	12 	
760 	30 	19 	14 	12 	12 	
761 	30 	19 	14 	12 	12 	
762 	30 	19 	14 	12 	12 	
763 	30 	19 	14 	12 	12 	
764 	30 	19 	14 	12 	12 	
765 	30 	19 	14 	12 	12 	
766 	30 	19 	14 	12 	12 	
767 	30 	19 	14 	12 	12 	
768 	31 	20 	15 	13 	12 	
769 	31 	20 	15 	13 	12 	
770 	31 	20 	15 	13 	12 	
771 	31 	20 	15 	13 	12 	
772 	31 	20 	15 	13 	12 	
773 	31 	20 	15 	13 	12 	
774 	31 	20 	15 	13 	12 	
775 	31 	20 	15 	13 	12 	
776 	31 	20 	15 	13 	12 	
777 	31 	20 	15 	13 	12 	
778 	31 	20 	15 	13 	12 	
779 	31 	20 	15 	13 	12 	
780 	31 	20 	15 	13 	12 	
781 	31 	20 	15 	13 	12 	
782 	31 	20 	15 	13 	12 	
783 	31 	20 	15 	13 	12 	
784 	31 	20 	15 	13 	12 	
785 	31 	20 	15 	13 	12 	
786 	31 	20 	15 	13 	12 	
787 	31 	20 	15 	13 	12 	
788 	31 	20 	15 	13 	12 	
789 	31 	20 	15 	13 	12 	
790 	31 	20 	15 	13 	12 	
791 	31 	20 	15 	13 	12 	
792 	31 	20 	15 	13 	12 	
793 	31 	20 	15 	13 	12 	
794 	31 	20 	15 	13 	12 	
795 	31 	20 	15 	13 	12 	
796 	31 	20 	15 	13 	12 	
797 	31 	20 	15 	13 	12 	
798 	31 	20 	15 	13 	12 	
799 	31 	20 	15 	13 	12 	
800 	32 	20 	15 	13 	12 	
801 	32 	20 	15 	13 	12 	
802 	32 	20 	15 	13 	12 	
803 	32 	20 	15 	13 	12 	
804 	32 	20 	15 	13 	12 	
805 	32 	20 	15 	13 	12 	
806 	32 	20 	15 	13 	12 	
807 	32 	20 	15 	13 	12 	
808 	32 	20 	15 	13 	12 	
809 	32 	20 	15 	13 	12 	
810 	32 	20 	15 	13 	12 	
811 	32 	20 	15 	13 	12 	
812 	32 	20 	15 	13 	12 	
813 	32 	20 	15 	13 	12 	
814 	32 	20 	15 	13 	12 	
815 	32 	20 	15 	13 	12 	
816 	32 	20 	15 	13 	12 	
817 	32 	20 	15 	13 	12 	
818 	32 	20 	15 	13 	12 	
819 	32 	20 	15 	13 	12 	
820 	32 	20 	15 	13 	12 	
821 	32 	20 	15 	13 	12 	
822 	32 	20 	15 	13 	12 	
823 	32 	20 	15 	13 	12 	
824 	32 	20 	15 	13 	12 	
825 	32 	20 	15 	13 	12 	
826 	32 	20 	15 	13 	12 	
827 	32 	20 	15 	13 	12 	
828 	32 	20 	15 	13 	12 	
829 	32 	20 	15 	13 	12 	
830 	32 	20 	15 	13 	12 	
831 	32 	20 	15 	13 	12 	
832 	33 	21 	15 	13 	12 	
833 	33 	21 	15 	13 	12 	
834 	33 	21 	15 	13 	12 	
835 	33 	21 	15 	13 	12 	
836 	33 	21 	15 	13 	12 	
837 	33 	21 	15 	13 	12 	
838 	33 	21 	15 	13 	12 	
839 	33 	21 	15 	13 	12 	
840 	33 	21 	15 	13 	12 	
841 	33 	21 	15 	13 	12 	
842 	33 	21 	15 	13 	12 	
843 	33 	21 	15 	13 	12 	
844 	33 	21 	15 	13 	12 	
845 	33 	21 	15 	13 	12 	
846 	33 	21 	15 	13 	12 	
847 	33 	21 	15 	13 	12 	
848 	33 	21 	15 	13 	12 	
849 	33 	21 	15 	13 	12 	
850 	33 	21 	15 	13 	12 	
851 	33 	21 	15 	13 	12 	
852 	33 	21 	15 	13 	12 	
853 	33 	21 	15 	13 	12 	
854 	33 	21 	15 	13 	12 	
855 	33 	21 	15 	13 	12 	
856 	33 	21 	15 	13 	12 	
857 	33 	21 	15 	13 	12 	
858 	33 	21 	15 	13 	12 	
859 	33 	21 	15 	13 	12 	
860 	33 	21 	15 	13 	12 	
861 	33 	21 	15 	13 	12 	
862 	33 	21 	15 	13 	12 	
863 	33 	21 	15 	13 	12 	
864 	34 	21 	15 	13 	12 	
865 	34 	21 	15 	13 	12 	
866 	34 	21 	15 	13 	12 	
867 	34 	21 	15 	13 	12 	
868 	34 	21 	15 	13 	12 	
869 	34 	21 	15 	13 	12 	
870 	34 	21 	15 	13 	12 	
871 	34 	21 	15 	13 	12 	
872 	34 	21 	15 	13 	12 	
873 	34 	21 	15 	13 	12 	
874 	34 	21 	15 	13 	12 	
875 	34 	21 	15 	13 	12 	
876 	34 	21 	15 	13 	12 	
877 	34 	21 	15 	13 	12 	
878 	34 	21 	15 	13 	12 	
879 	34 	21 	15 	13 	12 	
880 	34 	21 	15 	13 	12 	
881 	34 	21 	15 	13 	12 	
882 	34 	21 	15 	13 	12 	
883 	34 	21 	15 	13 	12 	
884 	34 	21 	15 	13 	12 	
885 	34 	21 	15 	13 	12 	
886 	34 	21 	15 	13 	12 	
887 	34 	21 	15 	13 	12 	
888 	34 	21 	15 	13 	12 	
889 	34 	21 	15 	13 	12 	
890 	34 	21 	15 	13 	12 	
891 	34 	21 	15 	13 	12 	
892 	34 	21 	15 	13 	12 	
893 	34 	21 	15 	13 	12 	
894 	34 	21 	15 	13 	12 	
895 	34 	21 	15 	13 	12 	
896 	35 	22 	16 	13 	12 	
897 	35 	22 	16 	13 	12 	
898 	35 	22 	16 	13 	12 	
899 	35 	22 	16 	13 	12 	
900 	35 	22 	16 	13 	12 	
901 	35 	22 	16 	13 	12 	
902 	35 	22 	16 	13 	12 	
903 	35 	22 	16 	13 	12 	
904 	35 	22 	16 	13 	12 	
905 	35 	22 	16 	13 	12 	
906 	35 	22 	16 	13 	12 	
907 	35 	22 	16 	13 	12 	
908 	35 	22 	16 	13 	12 	
909 	35 	22 	16 	13 	12 	
910 	35 	22 	16 	13 	12 	
911 	35 	22 	16 	13 	12 	
912 	35 	22 	16 	13 	12 	
913 	35 	22 	16 	13 	12 	
914 	35 	22 	16 	13 	12 	
915 	35 	22 	16 	13 	12 	
916 	35 	22 	16 	13 	12 	
917 	35 	22 	16 	13 	12 	
918 	35 	22 	16 	13 	12 	
919 	35 	22 	16 	13 	12 	
920 	35 	22 	16 	13 	12 	
921 	35 	22 	16 	13 	12 	
922 	35 	22 	16 	13 	12 	
923 	35 	22 	16 	13 	12 	
924 	35 	22 	16 	13 	12 	
925 	35 	22 	16 	13 	12 	
926 	35 	22 	16 	13 	12 	
927 	35 	22 	16 	13 	12 	
928 	36 	22 	16 	13 	12 	
929 	36 	22 	16 	13 	12 	
930 	36 	22 	16 	13 	12 	
931 	36 	22 	16 	13 	12 	
932 	36 	22 	16 	13 	12 	
933 	36 	22 	16 	13 	12 	
934 	36 	22 	16 	13 	12 	
935 	36 	22 	16 	13 	12 	
936 	36 	22 	16 	13 	12 	
937 	36 	22 	16 	13 	12 	
938 	36 	22 	16 	13 	12 	
939 	36 	22 	16 	13 	12 	
940 	36 	22 	16 	13 	12 	
941 	36 	22 	16 	13 	12 	
942 	36 	22 	16 	13 	12 	
943 	36 	22 	16 	13 	12 	
944 	36 	22 	16 	13 	12 	
945 	36 	22 	16 	13 	12 	
946 	36 	22 	16 	13 	12 	
947 	36 	22 	16 	13 	12 	
948 	36 	22 	16 	13 	12 	
949 	36 	22 	16 	13 	12 	
950 	36 	22 	16 	13 	12 	
951 	36 	22 	16 	13 	12 	
952 	36 	22 	16 	13 	12 	
953 	36 	22 	16 	13 	12 	
954 	36 	22 	16 	13 	12 	
955 	36 	22 	16 	13 	12 	
956 	36 	22 	16 	13 	12 	
957 	36 	22 	16 	13 	12 	
958 	36 	22 	16 	13 	12 	
959 	36 	22 	16 	13 	12 	
960 	37 	23 	16 	13 	12 	
961 	37 	23 	16 	13 	12 	
962 	37 	23 	16 	13 	12 	
963 	37 	23 	16 	13 	12 	
964 	37 	23 	16 	13 	12 	
965 	37 	23 	16 	13 	12 	
966 	37 	23 	16 	13 	12 	
967 	37 	23 	16 	13 	12 	
968 	37 	23 	16 	13 	12 	
969 	37 	23 	16 	13 	12 	
970 	37 	23 	16 	13 	12 	
971 	37 	23 	16 	13 	12 	
972 	37 	23 	16 	13 	12 	
973 	37 	23 	16 	13 	12 	
974 	37 	23 	16 	13 	12 	
975 	37 	23 	16 	13 	12 	
976 	37 	23 	16 	13 	12 	
977 	37 	23 	16 	13 	12 	
978 	37 	23 	16 	13 	12 	
979 	37 	23 	16 	13 	12 	
980 	37 	23 	16 	13 	12 	
981 	37 	23 	16 	13 	12 	
982 	37 	23 	16 	13 	12 	
983 	37 	23 	16 	13 	12 	
984 	37 	23 	16 	13 	12 	
985 	37 	23 	16 	13 	12 	
986 	37 	23 	16 	13 	12 	
987 	37 	23 	16 	13 	12 	
988 	37 	23 	16 	13 	12 	
989 	37 	23 	16 	13 	12 	
990 	37 	23 	16 	13 	12 	
991 	37 	23 	16 	13 	12 	
992 	38 	23 	16 	13 	12 	
993 	38 	23 	16 	13 	12 	
994 	38 	23 	16 	13 	12 	
995 	38 	23 	16 	13 	12 	
996 	38 	23 	16 	13 	12 	
997 	38 	23 	16 	13 	12 	
998 	38 	23 	16 	13 	12 	
999 	38 	23 	16 	13 	12 	
1000 	38 	23 	16 	13 	12 	
1001 	38 	23 	16 	13 	12 	
1002 	38 	23 	16 	13 	12 	
1003 	38 	23 	16 	13 	12 	
1004 	38 	23 	16 	13 	12 	
1005 	38 	23 	16 	13 	12 	
1006 	38 	23 	16 	13 	12 	
1007 	38 	23 	16 	13 	12 	
1008 	38 	23 	16 	13 	12 	
1009 	38 	23 	16 	13 	12 	
1010 	38 	23 	16 	13 	12 	
1011 	38 	23 	16 	13 	12 	
1012 	38 	23 	16 	13 	12 	
1013 	38 	23 	16 	13 	12 	
1014 	38 	23 	16 	13 	12 	
1015 	38 	23 	16 	13 	12 	
1016 	38 	23 	16 	13 	12 	
1017 	38 	23 	16 	13 	12 	
1018 	38 	23 	16 	13 	12 	
1019 	38 	23 	16 	13 	12 	
1020 	38 	23 	16 	13 	12 	
1021 	38 	23 	16 	13 	12 	
1022 	38 	23 	16 	13 	12 
