-1023 	259 	132 	69 	38 	23 	16 	
-1022 	259 	132 	69 	38 	23 	16 	
-1021 	259 	132 	69 	38 	23 	16 	
-1020 	259 	132 	69 	38 	23 	16 	
-1019 	258 	132 	69 	38 	23 	16 	
-1018 	258 	132 	69 	38 	23 	16 	
-1017 	258 	132 	69 	38 	23 	16 	
-1016 	258 	132 	69 	38 	23 	16 	
-1015 	257 	131 	69 	38 	23 	16 	
-1014 	257 	131 	69 	38 	23 	16 	
-1013 	257 	131 	69 	38 	23 	16 	
-1012 	257 	131 	69 	38 	23 	16 	
-1011 	256 	131 	69 	38 	23 	16 	
-1010 	256 	131 	69 	38 	23 	16 	
-1009 	256 	131 	69 	38 	23 	16 	
-1008 	256 	131 	69 	38 	23 	16 	
-1007 	255 	130 	68 	38 	23 	16 	
-1006 	255 	130 	68 	38 	23 	16 	
-1005 	255 	130 	68 	38 	23 	16 	
-1004 	255 	130 	68 	38 	23 	16 	
-1003 	254 	130 	68 	38 	23 	16 	
-1002 	254 	130 	68 	38 	23 	16 	
-1001 	254 	130 	68 	38 	23 	16 	
-1000 	254 	130 	68 	38 	23 	16 	
-999 	253 	129 	68 	38 	23 	16 	
-998 	253 	129 	68 	38 	23 	16 	
-997 	253 	129 	68 	38 	23 	16 	
-996 	253 	129 	68 	38 	23 	16 	
-995 	252 	129 	68 	38 	23 	16 	
-994 	252 	129 	68 	38 	23 	16 	
-993 	252 	129 	68 	38 	23 	16 	
-992 	252 	129 	68 	38 	23 	16 	
-991 	251 	128 	67 	37 	23 	16 	
-990 	251 	128 	67 	37 	23 	16 	
-989 	251 	128 	67 	37 	23 	16 	
-988 	251 	128 	67 	37 	23 	16 	
-987 	250 	128 	67 	37 	23 	16 	
-986 	250 	128 	67 	37 	23 	16 	
-985 	250 	128 	67 	37 	23 	16 	
-984 	250 	128 	67 	37 	23 	16 	
-983 	249 	127 	67 	37 	23 	16 	
-982 	249 	127 	67 	37 	23 	16 	
-981 	249 	127 	67 	37 	23 	16 	
-980 	249 	127 	67 	37 	23 	16 	
-979 	248 	127 	67 	37 	23 	16 	
-978 	248 	127 	67 	37 	23 	16 	
-977 	248 	127 	67 	37 	23 	16 	
-976 	248 	127 	67 	37 	23 	16 	
-975 	247 	126 	66 	37 	23 	16 	
-974 	247 	126 	66 	37 	23 	16 	
-973 	247 	126 	66 	37 	23 	16 	
-972 	247 	126 	66 	37 	23 	16 	
-971 	246 	126 	66 	37 	23 	16 	
-970 	246 	126 	66 	37 	23 	16 	
-969 	246 	126 	66 	37 	23 	16 	
-968 	246 	126 	66 	37 	23 	16 	
-967 	245 	125 	66 	37 	23 	16 	
-966 	245 	125 	66 	37 	23 	16 	
-965 	245 	125 	66 	37 	23 	16 	
-964 	245 	125 	66 	37 	23 	16 	
-963 	244 	125 	66 	37 	23 	16 	
-962 	244 	125 	66 	37 	23 	16 	
-961 	244 	125 	66 	37 	23 	16 	
-960 	244 	125 	66 	37 	23 	16 	
-959 	243 	124 	65 	36 	22 	16 	
-958 	243 	124 	65 	36 	22 	16 	
-957 	243 	124 	65 	36 	22 	16 	
-956 	243 	124 	65 	36 	22 	16 	
-955 	242 	124 	65 	36 	22 	16 	
-954 	242 	124 	65 	36 	22 	16 	
-953 	242 	124 	65 	36 	22 	16 	
-952 	242 	124 	65 	36 	22 	16 	
-951 	241 	123 	65 	36 	22 	16 	
-950 	241 	123 	65 	36 	22 	16 	
-949 	241 	123 	65 	36 	22 	16 	
-948 	241 	123 	65 	36 	22 	16 	
-947 	240 	123 	65 	36 	22 	16 	
-946 	240 	123 	65 	36 	22 	16 	
-945 	240 	123 	65 	36 	22 	16 	
-944 	240 	123 	65 	36 	22 	16 	
-943 	239 	122 	64 	36 	22 	16 	
-942 	239 	122 	64 	36 	22 	16 	
-941 	239 	122 	64 	36 	22 	16 	
-940 	239 	122 	64 	36 	22 	16 	
-939 	238 	122 	64 	36 	22 	16 	
-938 	238 	122 	64 	36 	22 	16 	
-937 	238 	122 	64 	36 	22 	16 	
-936 	238 	122 	64 	36 	22 	16 	
-935 	237 	121 	64 	36 	22 	16 	
-934 	237 	121 	64 	36 	22 	16 	
-933 	237 	121 	64 	36 	22 	16 	
-932 	237 	121 	64 	36 	22 	16 	
-931 	236 	121 	64 	36 	22 	16 	
-930 	236 	121 	64 	36 	22 	16 	
-929 	236 	121 	64 	36 	22 	16 	
-928 	236 	121 	64 	36 	22 	16 	
-927 	235 	120 	63 	35 	22 	16 	
-926 	235 	120 	63 	35 	22 	16 	
-925 	235 	120 	63 	35 	22 	16 	
-924 	235 	120 	63 	35 	22 	16 	
-923 	234 	120 	63 	35 	22 	16 	
-922 	234 	120 	63 	35 	22 	16 	
-921 	234 	120 	63 	35 	22 	16 	
-920 	234 	120 	63 	35 	22 	16 	
-919 	233 	119 	63 	35 	22 	16 	
-918 	233 	119 	63 	35 	22 	16 	
-917 	233 	119 	63 	35 	22 	16 	
-916 	233 	119 	63 	35 	22 	16 	
-915 	232 	119 	63 	35 	22 	16 	
-914 	232 	119 	63 	35 	22 	16 	
-913 	232 	119 	63 	35 	22 	16 	
-912 	232 	119 	63 	35 	22 	16 	
-911 	231 	118 	62 	35 	22 	16 	
-910 	231 	118 	62 	35 	22 	16 	
-909 	231 	118 	62 	35 	22 	16 	
-908 	231 	118 	62 	35 	22 	16 	
-907 	230 	118 	62 	35 	22 	16 	
-906 	230 	118 	62 	35 	22 	16 	
-905 	230 	118 	62 	35 	22 	16 	
-904 	230 	118 	62 	35 	22 	16 	
-903 	229 	117 	62 	35 	22 	16 	
-902 	229 	117 	62 	35 	22 	16 	
-901 	229 	117 	62 	35 	22 	16 	
-900 	229 	117 	62 	35 	22 	16 	
-899 	228 	117 	62 	35 	22 	16 	
-898 	228 	117 	62 	35 	22 	16 	
-897 	228 	117 	62 	35 	22 	16 	
-896 	228 	117 	62 	35 	22 	16 	
-895 	227 	116 	61 	34 	21 	15 	
-894 	227 	116 	61 	34 	21 	15 	
-893 	227 	116 	61 	34 	21 	15 	
-892 	227 	116 	61 	34 	21 	15 	
-891 	226 	116 	61 	34 	21 	15 	
-890 	226 	116 	61 	34 	21 	15 	
-889 	226 	116 	61 	34 	21 	15 	
-888 	226 	116 	61 	34 	21 	15 	
-887 	225 	115 	61 	34 	21 	15 	
-886 	225 	115 	61 	34 	21 	15 	
-885 	225 	115 	61 	34 	21 	15 	
-884 	225 	115 	61 	34 	21 	15 	
-883 	224 	115 	61 	34 	21 	15 	
-882 	224 	115 	61 	34 	21 	15 	
-881 	224 	115 	61 	34 	21 	15 	
-880 	224 	115 	61 	34 	21 	15 	
-879 	223 	114 	60 	34 	21 	15 	
-878 	223 	114 	60 	34 	21 	15 	
-877 	223 	114 	60 	34 	21 	15 	
-876 	223 	114 	60 	34 	21 	15 	
-875 	222 	114 	60 	34 	21 	15 	
-874 	222 	114 	60 	34 	21 	15 	
-873 	222 	114 	60 	34 	21 	15 	
-872 	222 	114 	60 	34 	21 	15 	
-871 	221 	113 	60 	34 	21 	15 	
-870 	221 	113 	60 	34 	21 	15 	
-869 	221 	113 	60 	34 	21 	15 	
-868 	221 	113 	60 	34 	21 	15 	
-867 	220 	113 	60 	34 	21 	15 	
-866 	220 	113 	60 	34 	21 	15 	
-865 	220 	113 	60 	34 	21 	15 	
-864 	220 	113 	60 	34 	21 	15 	
-863 	219 	112 	59 	33 	21 	15 	
-862 	219 	112 	59 	33 	21 	15 	
-861 	219 	112 	59 	33 	21 	15 	
-860 	219 	112 	59 	33 	21 	15 	
-859 	218 	112 	59 	33 	21 	15 	
-858 	218 	112 	59 	33 	21 	15 	
-857 	218 	112 	59 	33 	21 	15 	
-856 	218 	112 	59 	33 	21 	15 	
-855 	217 	111 	59 	33 	21 	15 	
-854 	217 	111 	59 	33 	21 	15 	
-853 	217 	111 	59 	33 	21 	15 	
-852 	217 	111 	59 	33 	21 	15 	
-851 	216 	111 	59 	33 	21 	15 	
-850 	216 	111 	59 	33 	21 	15 	
-849 	216 	111 	59 	33 	21 	15 	
-848 	216 	111 	59 	33 	21 	15 	
-847 	215 	110 	58 	33 	21 	15 	
-846 	215 	110 	58 	33 	21 	15 	
-845 	215 	110 	58 	33 	21 	15 	
-844 	215 	110 	58 	33 	21 	15 	
-843 	214 	110 	58 	33 	21 	15 	
-842 	214 	110 	58 	33 	21 	15 	
-841 	214 	110 	58 	33 	21 	15 	
-840 	214 	110 	58 	33 	21 	15 	
-839 	213 	109 	58 	33 	21 	15 	
-838 	213 	109 	58 	33 	21 	15 	
-837 	213 	109 	58 	33 	21 	15 	
-836 	213 	109 	58 	33 	21 	15 	
-835 	212 	109 	58 	33 	21 	15 	
-834 	212 	109 	58 	33 	21 	15 	
-833 	212 	109 	58 	33 	21 	15 	
-832 	212 	109 	58 	33 	21 	15 	
-831 	211 	108 	57 	32 	20 	15 	
-830 	211 	108 	57 	32 	20 	15 	
-829 	211 	108 	57 	32 	20 	15 	
-828 	211 	108 	57 	32 	20 	15 	
-827 	210 	108 	57 	32 	20 	15 	
-826 	210 	108 	57 	32 	20 	15 	
-825 	210 	108 	57 	32 	20 	15 	
-824 	210 	108 	57 	32 	20 	15 	
-823 	209 	107 	57 	32 	20 	15 	
-822 	209 	107 	57 	32 	20 	15 	
-821 	209 	107 	57 	32 	20 	15 	
-820 	209 	107 	57 	32 	20 	15 	
-819 	208 	107 	57 	32 	20 	15 	
-818 	208 	107 	57 	32 	20 	15 	
-817 	208 	107 	57 	32 	20 	15 	
-816 	208 	107 	57 	32 	20 	15 	
-815 	207 	106 	56 	32 	20 	15 	
-814 	207 	106 	56 	32 	20 	15 	
-813 	207 	106 	56 	32 	20 	15 	
-812 	207 	106 	56 	32 	20 	15 	
-811 	206 	106 	56 	32 	20 	15 	
-810 	206 	106 	56 	32 	20 	15 	
-809 	206 	106 	56 	32 	20 	15 	
-808 	206 	106 	56 	32 	20 	15 	
-807 	205 	105 	56 	32 	20 	15 	
-806 	205 	105 	56 	32 	20 	15 	
-805 	205 	105 	56 	32 	20 	15 	
-804 	205 	105 	56 	32 	20 	15 	
-803 	204 	105 	56 	32 	20 	15 	
-802 	204 	105 	56 	32 	20 	15 	
-801 	204 	105 	56 	32 	20 	15 	
-800 	204 	105 	56 	32 	20 	15 	
-799 	203 	104 	55 	31 	20 	15 	
-798 	203 	104 	55 	31 	20 	15 	
-797 	203 	104 	55 	31 	20 	15 	
-796 	203 	104 	55 	31 	20 	15 	
-795 	202 	104 	55 	31 	20 	15 	
-794 	202 	104 	55 	31 	20 	15 	
-793 	202 	104 	55 	31 	20 	15 	
-792 	202 	104 	55 	31 	20 	15 	
-791 	201 	103 	55 	31 	20 	15 	
-790 	201 	103 	55 	31 	20 	15 	
-789 	201 	103 	55 	31 	20 	15 	
-788 	201 	103 	55 	31 	20 	15 	
-787 	200 	103 	55 	31 	20 	15 	
-786 	200 	103 	55 	31 	20 	15 	
-785 	200 	103 	55 	31 	20 	15 	
-784 	200 	103 	55 	31 	20 	15 	
-783 	199 	102 	54 	31 	20 	15 	
-782 	199 	102 	54 	31 	20 	15 	
-781 	199 	102 	54 	31 	20 	15 	
-780 	199 	102 	54 	31 	20 	15 	
-779 	198 	102 	54 	31 	20 	15 	
-778 	198 	102 	54 	31 	20 	15 	
-777 	198 	102 	54 	31 	20 	15 	
-776 	198 	102 	54 	31 	20 	15 	
-775 	197 	101 	54 	31 	20 	15 	
-774 	197 	101 	54 	31 	20 	15 	
-773 	197 	101 	54 	31 	20 	15 	
-772 	197 	101 	54 	31 	20 	15 	
-771 	196 	101 	54 	31 	20 	15 	
-770 	196 	101 	54 	31 	20 	15 	
-769 	196 	101 	54 	31 	20 	15 	
-768 	196 	101 	54 	31 	20 	15 	
-767 	195 	100 	53 	30 	19 	14 	
-766 	195 	100 	53 	30 	19 	14 	
-765 	195 	100 	53 	30 	19 	14 	
-764 	195 	100 	53 	30 	19 	14 	
-763 	194 	100 	53 	30 	19 	14 	
-762 	194 	100 	53 	30 	19 	14 	
-761 	194 	100 	53 	30 	19 	14 	
-760 	194 	100 	53 	30 	19 	14 	
-759 	193 	99 	53 	30 	19 	14 	
-758 	193 	99 	53 	30 	19 	14 	
-757 	193 	99 	53 	30 	19 	14 	
-756 	193 	99 	53 	30 	19 	14 	
-755 	192 	99 	53 	30 	19 	14 	
-754 	192 	99 	53 	30 	19 	14 	
-753 	192 	99 	53 	30 	19 	14 	
-752 	192 	99 	53 	30 	19 	14 	
-751 	191 	98 	52 	30 	19 	14 	
-750 	191 	98 	52 	30 	19 	14 	
-749 	191 	98 	52 	30 	19 	14 	
-748 	191 	98 	52 	30 	19 	14 	
-747 	190 	98 	52 	30 	19 	14 	
-746 	190 	98 	52 	30 	19 	14 	
-745 	190 	98 	52 	30 	19 	14 	
-744 	190 	98 	52 	30 	19 	14 	
-743 	189 	97 	52 	30 	19 	14 	
-742 	189 	97 	52 	30 	19 	14 	
-741 	189 	97 	52 	30 	19 	14 	
-740 	189 	97 	52 	30 	19 	14 	
-739 	188 	97 	52 	30 	19 	14 	
-738 	188 	97 	52 	30 	19 	14 	
-737 	188 	97 	52 	30 	19 	14 	
-736 	188 	97 	52 	30 	19 	14 	
-735 	187 	96 	51 	29 	19 	14 	
-734 	187 	96 	51 	29 	19 	14 	
-733 	187 	96 	51 	29 	19 	14 	
-732 	187 	96 	51 	29 	19 	14 	
-731 	186 	96 	51 	29 	19 	14 	
-730 	186 	96 	51 	29 	19 	14 	
-729 	186 	96 	51 	29 	19 	14 	
-728 	186 	96 	51 	29 	19 	14 	
-727 	185 	95 	51 	29 	19 	14 	
-726 	185 	95 	51 	29 	19 	14 	
-725 	185 	95 	51 	29 	19 	14 	
-724 	185 	95 	51 	29 	19 	14 	
-723 	184 	95 	51 	29 	19 	14 	
-722 	184 	95 	51 	29 	19 	14 	
-721 	184 	95 	51 	29 	19 	14 	
-720 	184 	95 	51 	29 	19 	14 	
-719 	183 	94 	50 	29 	19 	14 	
-718 	183 	94 	50 	29 	19 	14 	
-717 	183 	94 	50 	29 	19 	14 	
-716 	183 	94 	50 	29 	19 	14 	
-715 	182 	94 	50 	29 	19 	14 	
-714 	182 	94 	50 	29 	19 	14 	
-713 	182 	94 	50 	29 	19 	14 	
-712 	182 	94 	50 	29 	19 	14 	
-711 	181 	93 	50 	29 	19 	14 	
-710 	181 	93 	50 	29 	19 	14 	
-709 	181 	93 	50 	29 	19 	14 	
-708 	181 	93 	50 	29 	19 	14 	
-707 	180 	93 	50 	29 	19 	14 	
-706 	180 	93 	50 	29 	19 	14 	
-705 	180 	93 	50 	29 	19 	14 	
-704 	180 	93 	50 	29 	19 	14 	
-703 	179 	92 	49 	28 	18 	14 	
-702 	179 	92 	49 	28 	18 	14 	
-701 	179 	92 	49 	28 	18 	14 	
-700 	179 	92 	49 	28 	18 	14 	
-699 	178 	92 	49 	28 	18 	14 	
-698 	178 	92 	49 	28 	18 	14 	
-697 	178 	92 	49 	28 	18 	14 	
-696 	178 	92 	49 	28 	18 	14 	
-695 	177 	91 	49 	28 	18 	14 	
-694 	177 	91 	49 	28 	18 	14 	
-693 	177 	91 	49 	28 	18 	14 	
-692 	177 	91 	49 	28 	18 	14 	
-691 	176 	91 	49 	28 	18 	14 	
-690 	176 	91 	49 	28 	18 	14 	
-689 	176 	91 	49 	28 	18 	14 	
-688 	176 	91 	49 	28 	18 	14 	
-687 	175 	90 	48 	28 	18 	14 	
-686 	175 	90 	48 	28 	18 	14 	
-685 	175 	90 	48 	28 	18 	14 	
-684 	175 	90 	48 	28 	18 	14 	
-683 	174 	90 	48 	28 	18 	14 	
-682 	174 	90 	48 	28 	18 	14 	
-681 	174 	90 	48 	28 	18 	14 	
-680 	174 	90 	48 	28 	18 	14 	
-679 	173 	89 	48 	28 	18 	14 	
-678 	173 	89 	48 	28 	18 	14 	
-677 	173 	89 	48 	28 	18 	14 	
-676 	173 	89 	48 	28 	18 	14 	
-675 	172 	89 	48 	28 	18 	14 	
-674 	172 	89 	48 	28 	18 	14 	
-673 	172 	89 	48 	28 	18 	14 	
-672 	172 	89 	48 	28 	18 	14 	
-671 	171 	88 	47 	27 	18 	14 	
-670 	171 	88 	47 	27 	18 	14 	
-669 	171 	88 	47 	27 	18 	14 	
-668 	171 	88 	47 	27 	18 	14 	
-667 	170 	88 	47 	27 	18 	14 	
-666 	170 	88 	47 	27 	18 	14 	
-665 	170 	88 	47 	27 	18 	14 	
-664 	170 	88 	47 	27 	18 	14 	
-663 	169 	87 	47 	27 	18 	14 	
-662 	169 	87 	47 	27 	18 	14 	
-661 	169 	87 	47 	27 	18 	14 	
-660 	169 	87 	47 	27 	18 	14 	
-659 	168 	87 	47 	27 	18 	14 	
-658 	168 	87 	47 	27 	18 	14 	
-657 	168 	87 	47 	27 	18 	14 	
-656 	168 	87 	47 	27 	18 	14 	
-655 	167 	86 	46 	27 	18 	14 	
-654 	167 	86 	46 	27 	18 	14 	
-653 	167 	86 	46 	27 	18 	14 	
-652 	167 	86 	46 	27 	18 	14 	
-651 	166 	86 	46 	27 	18 	14 	
-650 	166 	86 	46 	27 	18 	14 	
-649 	166 	86 	46 	27 	18 	14 	
-648 	166 	86 	46 	27 	18 	14 	
-647 	165 	85 	46 	27 	18 	14 	
-646 	165 	85 	46 	27 	18 	14 	
-645 	165 	85 	46 	27 	18 	14 	
-644 	165 	85 	46 	27 	18 	14 	
-643 	164 	85 	46 	27 	18 	14 	
-642 	164 	85 	46 	27 	18 	14 	
-641 	164 	85 	46 	27 	18 	14 	
-640 	164 	85 	46 	27 	18 	14 	
-639 	163 	84 	45 	26 	17 	13 	
-638 	163 	84 	45 	26 	17 	13 	
-637 	163 	84 	45 	26 	17 	13 	
-636 	163 	84 	45 	26 	17 	13 	
-635 	162 	84 	45 	26 	17 	13 	
-634 	162 	84 	45 	26 	17 	13 	
-633 	162 	84 	45 	26 	17 	13 	
-632 	162 	84 	45 	26 	17 	13 	
-631 	161 	83 	45 	26 	17 	13 	
-630 	161 	83 	45 	26 	17 	13 	
-629 	161 	83 	45 	26 	17 	13 	
-628 	161 	83 	45 	26 	17 	13 	
-627 	160 	83 	45 	26 	17 	13 	
-626 	160 	83 	45 	26 	17 	13 	
-625 	160 	83 	45 	26 	17 	13 	
-624 	160 	83 	45 	26 	17 	13 	
-623 	159 	82 	44 	26 	17 	13 	
-622 	159 	82 	44 	26 	17 	13 	
-621 	159 	82 	44 	26 	17 	13 	
-620 	159 	82 	44 	26 	17 	13 	
-619 	158 	82 	44 	26 	17 	13 	
-618 	158 	82 	44 	26 	17 	13 	
-617 	158 	82 	44 	26 	17 	13 	
-616 	158 	82 	44 	26 	17 	13 	
-615 	157 	81 	44 	26 	17 	13 	
-614 	157 	81 	44 	26 	17 	13 	
-613 	157 	81 	44 	26 	17 	13 	
-612 	157 	81 	44 	26 	17 	13 	
-611 	156 	81 	44 	26 	17 	13 	
-610 	156 	81 	44 	26 	17 	13 	
-609 	156 	81 	44 	26 	17 	13 	
-608 	156 	81 	44 	26 	17 	13 	
-607 	155 	80 	43 	25 	17 	13 	
-606 	155 	80 	43 	25 	17 	13 	
-605 	155 	80 	43 	25 	17 	13 	
-604 	155 	80 	43 	25 	17 	13 	
-603 	154 	80 	43 	25 	17 	13 	
-602 	154 	80 	43 	25 	17 	13 	
-601 	154 	80 	43 	25 	17 	13 	
-600 	154 	80 	43 	25 	17 	13 	
-599 	153 	79 	43 	25 	17 	13 	
-598 	153 	79 	43 	25 	17 	13 	
-597 	153 	79 	43 	25 	17 	13 	
-596 	153 	79 	43 	25 	17 	13 	
-595 	152 	79 	43 	25 	17 	13 	
-594 	152 	79 	43 	25 	17 	13 	
-593 	152 	79 	43 	25 	17 	13 	
-592 	152 	79 	43 	25 	17 	13 	
-591 	151 	78 	42 	25 	17 	13 	
-590 	151 	78 	42 	25 	17 	13 	
-589 	151 	78 	42 	25 	17 	13 	
-588 	151 	78 	42 	25 	17 	13 	
-587 	150 	78 	42 	25 	17 	13 	
-586 	150 	78 	42 	25 	17 	13 	
-585 	150 	78 	42 	25 	17 	13 	
-584 	150 	78 	42 	25 	17 	13 	
-583 	149 	77 	42 	25 	17 	13 	
-582 	149 	77 	42 	25 	17 	13 	
-581 	149 	77 	42 	25 	17 	13 	
-580 	149 	77 	42 	25 	17 	13 	
-579 	148 	77 	42 	25 	17 	13 	
-578 	148 	77 	42 	25 	17 	13 	
-577 	148 	77 	42 	25 	17 	13 	
-576 	148 	77 	42 	25 	17 	13 	
-575 	147 	76 	41 	24 	16 	13 	
-574 	147 	76 	41 	24 	16 	13 	
-573 	147 	76 	41 	24 	16 	13 	
-572 	147 	76 	41 	24 	16 	13 	
-571 	146 	76 	41 	24 	16 	13 	
-570 	146 	76 	41 	24 	16 	13 	
-569 	146 	76 	41 	24 	16 	13 	
-568 	146 	76 	41 	24 	16 	13 	
-567 	145 	75 	41 	24 	16 	13 	
-566 	145 	75 	41 	24 	16 	13 	
-565 	145 	75 	41 	24 	16 	13 	
-564 	145 	75 	41 	24 	16 	13 	
-563 	144 	75 	41 	24 	16 	13 	
-562 	144 	75 	41 	24 	16 	13 	
-561 	144 	75 	41 	24 	16 	13 	
-560 	144 	75 	41 	24 	16 	13 	
-559 	143 	74 	40 	24 	16 	13 	
-558 	143 	74 	40 	24 	16 	13 	
-557 	143 	74 	40 	24 	16 	13 	
-556 	143 	74 	40 	24 	16 	13 	
-555 	142 	74 	40 	24 	16 	13 	
-554 	142 	74 	40 	24 	16 	13 	
-553 	142 	74 	40 	24 	16 	13 	
-552 	142 	74 	40 	24 	16 	13 	
-551 	141 	73 	40 	24 	16 	13 	
-550 	141 	73 	40 	24 	16 	13 	
-549 	141 	73 	40 	24 	16 	13 	
-548 	141 	73 	40 	24 	16 	13 	
-547 	140 	73 	40 	24 	16 	13 	
-546 	140 	73 	40 	24 	16 	13 	
-545 	140 	73 	40 	24 	16 	13 	
-544 	140 	73 	40 	24 	16 	13 	
-543 	139 	72 	39 	23 	16 	13 	
-542 	139 	72 	39 	23 	16 	13 	
-541 	139 	72 	39 	23 	16 	13 	
-540 	139 	72 	39 	23 	16 	13 	
-539 	138 	72 	39 	23 	16 	13 	
-538 	138 	72 	39 	23 	16 	13 	
-537 	138 	72 	39 	23 	16 	13 	
-536 	138 	72 	39 	23 	16 	13 	
-535 	137 	71 	39 	23 	16 	13 	
-534 	137 	71 	39 	23 	16 	13 	
-533 	137 	71 	39 	23 	16 	13 	
-532 	137 	71 	39 	23 	16 	13 	
-531 	136 	71 	39 	23 	16 	13 	
-530 	136 	71 	39 	23 	16 	13 	
-529 	136 	71 	39 	23 	16 	13 	
-528 	136 	71 	39 	23 	16 	13 	
-527 	135 	70 	38 	23 	16 	13 	
-526 	135 	70 	38 	23 	16 	13 	
-525 	135 	70 	38 	23 	16 	13 	
-524 	135 	70 	38 	23 	16 	13 	
-523 	134 	70 	38 	23 	16 	13 	
-522 	134 	70 	38 	23 	16 	13 	
-521 	134 	70 	38 	23 	16 	13 	
-520 	134 	70 	38 	23 	16 	13 	
-519 	133 	69 	38 	23 	16 	13 	
-518 	133 	69 	38 	23 	16 	13 	
-517 	133 	69 	38 	23 	16 	13 	
-516 	133 	69 	38 	23 	16 	13 	
-515 	132 	69 	38 	23 	16 	13 	
-514 	132 	69 	38 	23 	16 	13 	
-513 	132 	69 	38 	23 	16 	13 	
-512 	132 	69 	38 	23 	16 	13 	
-511 	131 	68 	37 	22 	15 	12 	
-510 	131 	68 	37 	22 	15 	12 	
-509 	131 	68 	37 	22 	15 	12 	
-508 	131 	68 	37 	22 	15 	12 	
-507 	130 	68 	37 	22 	15 	12 	
-506 	130 	68 	37 	22 	15 	12 	
-505 	130 	68 	37 	22 	15 	12 	
-504 	130 	68 	37 	22 	15 	12 	
-503 	129 	67 	37 	22 	15 	12 	
-502 	129 	67 	37 	22 	15 	12 	
-501 	129 	67 	37 	22 	15 	12 	
-500 	129 	67 	37 	22 	15 	12 	
-499 	128 	67 	37 	22 	15 	12 	
-498 	128 	67 	37 	22 	15 	12 	
-497 	128 	67 	37 	22 	15 	12 	
-496 	128 	67 	37 	22 	15 	12 	
-495 	127 	66 	36 	22 	15 	12 	
-494 	127 	66 	36 	22 	15 	12 	
-493 	127 	66 	36 	22 	15 	12 	
-492 	127 	66 	36 	22 	15 	12 	
-491 	126 	66 	36 	22 	15 	12 	
-490 	126 	66 	36 	22 	15 	12 	
-489 	126 	66 	36 	22 	15 	12 	
-488 	126 	66 	36 	22 	15 	12 	
-487 	125 	65 	36 	22 	15 	12 	
-486 	125 	65 	36 	22 	15 	12 	
-485 	125 	65 	36 	22 	15 	12 	
-484 	125 	65 	36 	22 	15 	12 	
-483 	124 	65 	36 	22 	15 	12 	
-482 	124 	65 	36 	22 	15 	12 	
-481 	124 	65 	36 	22 	15 	12 	
-480 	124 	65 	36 	22 	15 	12 	
-479 	123 	64 	35 	21 	15 	12 	
-478 	123 	64 	35 	21 	15 	12 	
-477 	123 	64 	35 	21 	15 	12 	
-476 	123 	64 	35 	21 	15 	12 	
-475 	122 	64 	35 	21 	15 	12 	
-474 	122 	64 	35 	21 	15 	12 	
-473 	122 	64 	35 	21 	15 	12 	
-472 	122 	64 	35 	21 	15 	12 	
-471 	121 	63 	35 	21 	15 	12 	
-470 	121 	63 	35 	21 	15 	12 	
-469 	121 	63 	35 	21 	15 	12 	
-468 	121 	63 	35 	21 	15 	12 	
-467 	120 	63 	35 	21 	15 	12 	
-466 	120 	63 	35 	21 	15 	12 	
-465 	120 	63 	35 	21 	15 	12 	
-464 	120 	63 	35 	21 	15 	12 	
-463 	119 	62 	34 	21 	15 	12 	
-462 	119 	62 	34 	21 	15 	12 	
-461 	119 	62 	34 	21 	15 	12 	
-460 	119 	62 	34 	21 	15 	12 	
-459 	118 	62 	34 	21 	15 	12 	
-458 	118 	62 	34 	21 	15 	12 	
-457 	118 	62 	34 	21 	15 	12 	
-456 	118 	62 	34 	21 	15 	12 	
-455 	117 	61 	34 	21 	15 	12 	
-454 	117 	61 	34 	21 	15 	12 	
-453 	117 	61 	34 	21 	15 	12 	
-452 	117 	61 	34 	21 	15 	12 	
-451 	116 	61 	34 	21 	15 	12 	
-450 	116 	61 	34 	21 	15 	12 	
-449 	116 	61 	34 	21 	15 	12 	
-448 	116 	61 	34 	21 	15 	12 	
-447 	115 	60 	33 	20 	14 	12 	
-446 	115 	60 	33 	20 	14 	12 	
-445 	115 	60 	33 	20 	14 	12 	
-444 	115 	60 	33 	20 	14 	12 	
-443 	114 	60 	33 	20 	14 	12 	
-442 	114 	60 	33 	20 	14 	12 	
-441 	114 	60 	33 	20 	14 	12 	
-440 	114 	60 	33 	20 	14 	12 	
-439 	113 	59 	33 	20 	14 	12 	
-438 	113 	59 	33 	20 	14 	12 	
-437 	113 	59 	33 	20 	14 	12 	
-436 	113 	59 	33 	20 	14 	12 	
-435 	112 	59 	33 	20 	14 	12 	
-434 	112 	59 	33 	20 	14 	12 	
-433 	112 	59 	33 	20 	14 	12 	
-432 	112 	59 	33 	20 	14 	12 	
-431 	111 	58 	32 	20 	14 	12 	
-430 	111 	58 	32 	20 	14 	12 	
-429 	111 	58 	32 	20 	14 	12 	
-428 	111 	58 	32 	20 	14 	12 	
-427 	110 	58 	32 	20 	14 	12 	
-426 	110 	58 	32 	20 	14 	12 	
-425 	110 	58 	32 	20 	14 	12 	
-424 	110 	58 	32 	20 	14 	12 	
-423 	109 	57 	32 	20 	14 	12 	
-422 	109 	57 	32 	20 	14 	12 	
-421 	109 	57 	32 	20 	14 	12 	
-420 	109 	57 	32 	20 	14 	12 	
-419 	108 	57 	32 	20 	14 	12 	
-418 	108 	57 	32 	20 	14 	12 	
-417 	108 	57 	32 	20 	14 	12 	
-416 	108 	57 	32 	20 	14 	12 	
-415 	107 	56 	31 	19 	14 	12 	
-414 	107 	56 	31 	19 	14 	12 	
-413 	107 	56 	31 	19 	14 	12 	
-412 	107 	56 	31 	19 	14 	12 	
-411 	106 	56 	31 	19 	14 	12 	
-410 	106 	56 	31 	19 	14 	12 	
-409 	106 	56 	31 	19 	14 	12 	
-408 	106 	56 	31 	19 	14 	12 	
-407 	105 	55 	31 	19 	14 	12 	
-406 	105 	55 	31 	19 	14 	12 	
-405 	105 	55 	31 	19 	14 	12 	
-404 	105 	55 	31 	19 	14 	12 	
-403 	104 	55 	31 	19 	14 	12 	
-402 	104 	55 	31 	19 	14 	12 	
-401 	104 	55 	31 	19 	14 	12 	
-400 	104 	55 	31 	19 	14 	12 	
-399 	103 	54 	30 	19 	14 	12 	
-398 	103 	54 	30 	19 	14 	12 	
-397 	103 	54 	30 	19 	14 	12 	
-396 	103 	54 	30 	19 	14 	12 	
-395 	102 	54 	30 	19 	14 	12 	
-394 	102 	54 	30 	19 	14 	12 	
-393 	102 	54 	30 	19 	14 	12 	
-392 	102 	54 	30 	19 	14 	12 	
-391 	101 	53 	30 	19 	14 	12 	
-390 	101 	53 	30 	19 	14 	12 	
-389 	101 	53 	30 	19 	14 	12 	
-388 	101 	53 	30 	19 	14 	12 	
-387 	100 	53 	30 	19 	14 	12 	
-386 	100 	53 	30 	19 	14 	12 	
-385 	100 	53 	30 	19 	14 	12 	
-384 	100 	53 	30 	19 	14 	12 	
-383 	99 	52 	29 	18 	13 	11 	
-382 	99 	52 	29 	18 	13 	11 	
-381 	99 	52 	29 	18 	13 	11 	
-380 	99 	52 	29 	18 	13 	11 	
-379 	98 	52 	29 	18 	13 	11 	
-378 	98 	52 	29 	18 	13 	11 	
-377 	98 	52 	29 	18 	13 	11 	
-376 	98 	52 	29 	18 	13 	11 	
-375 	97 	51 	29 	18 	13 	11 	
-374 	97 	51 	29 	18 	13 	11 	
-373 	97 	51 	29 	18 	13 	11 	
-372 	97 	51 	29 	18 	13 	11 	
-371 	96 	51 	29 	18 	13 	11 	
-370 	96 	51 	29 	18 	13 	11 	
-369 	96 	51 	29 	18 	13 	11 	
-368 	96 	51 	29 	18 	13 	11 	
-367 	95 	50 	28 	18 	13 	11 	
-366 	95 	50 	28 	18 	13 	11 	
-365 	95 	50 	28 	18 	13 	11 	
-364 	95 	50 	28 	18 	13 	11 	
-363 	94 	50 	28 	18 	13 	11 	
-362 	94 	50 	28 	18 	13 	11 	
-361 	94 	50 	28 	18 	13 	11 	
-360 	94 	50 	28 	18 	13 	11 	
-359 	93 	49 	28 	18 	13 	11 	
-358 	93 	49 	28 	18 	13 	11 	
-357 	93 	49 	28 	18 	13 	11 	
-356 	93 	49 	28 	18 	13 	11 	
-355 	92 	49 	28 	18 	13 	11 	
-354 	92 	49 	28 	18 	13 	11 	
-353 	92 	49 	28 	18 	13 	11 	
-352 	92 	49 	28 	18 	13 	11 	
-351 	91 	48 	27 	17 	13 	11 	
-350 	91 	48 	27 	17 	13 	11 	
-349 	91 	48 	27 	17 	13 	11 	
-348 	91 	48 	27 	17 	13 	11 	
-347 	90 	48 	27 	17 	13 	11 	
-346 	90 	48 	27 	17 	13 	11 	
-345 	90 	48 	27 	17 	13 	11 	
-344 	90 	48 	27 	17 	13 	11 	
-343 	89 	47 	27 	17 	13 	11 	
-342 	89 	47 	27 	17 	13 	11 	
-341 	89 	47 	27 	17 	13 	11 	
-340 	89 	47 	27 	17 	13 	11 	
-339 	88 	47 	27 	17 	13 	11 	
-338 	88 	47 	27 	17 	13 	11 	
-337 	88 	47 	27 	17 	13 	11 	
-336 	88 	47 	27 	17 	13 	11 	
-335 	87 	46 	26 	17 	13 	11 	
-334 	87 	46 	26 	17 	13 	11 	
-333 	87 	46 	26 	17 	13 	11 	
-332 	87 	46 	26 	17 	13 	11 	
-331 	86 	46 	26 	17 	13 	11 	
-330 	86 	46 	26 	17 	13 	11 	
-329 	86 	46 	26 	17 	13 	11 	
-328 	86 	46 	26 	17 	13 	11 	
-327 	85 	45 	26 	17 	13 	11 	
-326 	85 	45 	26 	17 	13 	11 	
-325 	85 	45 	26 	17 	13 	11 	
-324 	85 	45 	26 	17 	13 	11 	
-323 	84 	45 	26 	17 	13 	11 	
-322 	84 	45 	26 	17 	13 	11 	
-321 	84 	45 	26 	17 	13 	11 	
-320 	84 	45 	26 	17 	13 	11 	
-319 	83 	44 	25 	16 	12 	11 	
-318 	83 	44 	25 	16 	12 	11 	
-317 	83 	44 	25 	16 	12 	11 	
-316 	83 	44 	25 	16 	12 	11 	
-315 	82 	44 	25 	16 	12 	11 	
-314 	82 	44 	25 	16 	12 	11 	
-313 	82 	44 	25 	16 	12 	11 	
-312 	82 	44 	25 	16 	12 	11 	
-311 	81 	43 	25 	16 	12 	11 	
-310 	81 	43 	25 	16 	12 	11 	
-309 	81 	43 	25 	16 	12 	11 	
-308 	81 	43 	25 	16 	12 	11 	
-307 	80 	43 	25 	16 	12 	11 	
-306 	80 	43 	25 	16 	12 	11 	
-305 	80 	43 	25 	16 	12 	11 	
-304 	80 	43 	25 	16 	12 	11 	
-303 	79 	42 	24 	16 	12 	11 	
-302 	79 	42 	24 	16 	12 	11 	
-301 	79 	42 	24 	16 	12 	11 	
-300 	79 	42 	24 	16 	12 	11 	
-299 	78 	42 	24 	16 	12 	11 	
-298 	78 	42 	24 	16 	12 	11 	
-297 	78 	42 	24 	16 	12 	11 	
-296 	78 	42 	24 	16 	12 	11 	
-295 	77 	41 	24 	16 	12 	11 	
-294 	77 	41 	24 	16 	12 	11 	
-293 	77 	41 	24 	16 	12 	11 	
-292 	77 	41 	24 	16 	12 	11 	
-291 	76 	41 	24 	16 	12 	11 	
-290 	76 	41 	24 	16 	12 	11 	
-289 	76 	41 	24 	16 	12 	11 	
-288 	76 	41 	24 	16 	12 	11 	
-287 	75 	40 	23 	15 	12 	11 	
-286 	75 	40 	23 	15 	12 	11 	
-285 	75 	40 	23 	15 	12 	11 	
-284 	75 	40 	23 	15 	12 	11 	
-283 	74 	40 	23 	15 	12 	11 	
-282 	74 	40 	23 	15 	12 	11 	
-281 	74 	40 	23 	15 	12 	11 	
-280 	74 	40 	23 	15 	12 	11 	
-279 	73 	39 	23 	15 	12 	11 	
-278 	73 	39 	23 	15 	12 	11 	
-277 	73 	39 	23 	15 	12 	11 	
-276 	73 	39 	23 	15 	12 	11 	
-275 	72 	39 	23 	15 	12 	11 	
-274 	72 	39 	23 	15 	12 	11 	
-273 	72 	39 	23 	15 	12 	11 	
-272 	72 	39 	23 	15 	12 	11 	
-271 	71 	38 	22 	15 	12 	11 	
-270 	71 	38 	22 	15 	12 	11 	
-269 	71 	38 	22 	15 	12 	11 	
-268 	71 	38 	22 	15 	12 	11 	
-267 	70 	38 	22 	15 	12 	11 	
-266 	70 	38 	22 	15 	12 	11 	
-265 	70 	38 	22 	15 	12 	11 	
-264 	70 	38 	22 	15 	12 	11 	
-263 	69 	37 	22 	15 	12 	11 	
-262 	69 	37 	22 	15 	12 	11 	
-261 	69 	37 	22 	15 	12 	11 	
-260 	69 	37 	22 	15 	12 	11 	
-259 	68 	37 	22 	15 	12 	11 	
-258 	68 	37 	22 	15 	12 	11 	
-257 	68 	37 	22 	15 	12 	11 	
-256 	68 	37 	22 	15 	12 	11 	
-255 	67 	36 	21 	14 	11 	10 	
-254 	67 	36 	21 	14 	11 	10 	
-253 	67 	36 	21 	14 	11 	10 	
-252 	67 	36 	21 	14 	11 	10 	
-251 	66 	36 	21 	14 	11 	10 	
-250 	66 	36 	21 	14 	11 	10 	
-249 	66 	36 	21 	14 	11 	10 	
-248 	66 	36 	21 	14 	11 	10 	
-247 	65 	35 	21 	14 	11 	10 	
-246 	65 	35 	21 	14 	11 	10 	
-245 	65 	35 	21 	14 	11 	10 	
-244 	65 	35 	21 	14 	11 	10 	
-243 	64 	35 	21 	14 	11 	10 	
-242 	64 	35 	21 	14 	11 	10 	
-241 	64 	35 	21 	14 	11 	10 	
-240 	64 	35 	21 	14 	11 	10 	
-239 	63 	34 	20 	14 	11 	10 	
-238 	63 	34 	20 	14 	11 	10 	
-237 	63 	34 	20 	14 	11 	10 	
-236 	63 	34 	20 	14 	11 	10 	
-235 	62 	34 	20 	14 	11 	10 	
-234 	62 	34 	20 	14 	11 	10 	
-233 	62 	34 	20 	14 	11 	10 	
-232 	62 	34 	20 	14 	11 	10 	
-231 	61 	33 	20 	14 	11 	10 	
-230 	61 	33 	20 	14 	11 	10 	
-229 	61 	33 	20 	14 	11 	10 	
-228 	61 	33 	20 	14 	11 	10 	
-227 	60 	33 	20 	14 	11 	10 	
-226 	60 	33 	20 	14 	11 	10 	
-225 	60 	33 	20 	14 	11 	10 	
-224 	60 	33 	20 	14 	11 	10 	
-223 	59 	32 	19 	13 	11 	10 	
-222 	59 	32 	19 	13 	11 	10 	
-221 	59 	32 	19 	13 	11 	10 	
-220 	59 	32 	19 	13 	11 	10 	
-219 	58 	32 	19 	13 	11 	10 	
-218 	58 	32 	19 	13 	11 	10 	
-217 	58 	32 	19 	13 	11 	10 	
-216 	58 	32 	19 	13 	11 	10 	
-215 	57 	31 	19 	13 	11 	10 	
-214 	57 	31 	19 	13 	11 	10 	
-213 	57 	31 	19 	13 	11 	10 	
-212 	57 	31 	19 	13 	11 	10 	
-211 	56 	31 	19 	13 	11 	10 	
-210 	56 	31 	19 	13 	11 	10 	
-209 	56 	31 	19 	13 	11 	10 	
-208 	56 	31 	19 	13 	11 	10 	
-207 	55 	30 	18 	13 	11 	10 	
-206 	55 	30 	18 	13 	11 	10 	
-205 	55 	30 	18 	13 	11 	10 	
-204 	55 	30 	18 	13 	11 	10 	
-203 	54 	30 	18 	13 	11 	10 	
-202 	54 	30 	18 	13 	11 	10 	
-201 	54 	30 	18 	13 	11 	10 	
-200 	54 	30 	18 	13 	11 	10 	
-199 	53 	29 	18 	13 	11 	10 	
-198 	53 	29 	18 	13 	11 	10 	
-197 	53 	29 	18 	13 	11 	10 	
-196 	53 	29 	18 	13 	11 	10 	
-195 	52 	29 	18 	13 	11 	10 	
-194 	52 	29 	18 	13 	11 	10 	
-193 	52 	29 	18 	13 	11 	10 	
-192 	52 	29 	18 	13 	11 	10 	
-191 	51 	28 	17 	12 	10 	10 	
-190 	51 	28 	17 	12 	10 	10 	
-189 	51 	28 	17 	12 	10 	10 	
-188 	51 	28 	17 	12 	10 	10 	
-187 	50 	28 	17 	12 	10 	10 	
-186 	50 	28 	17 	12 	10 	10 	
-185 	50 	28 	17 	12 	10 	10 	
-184 	50 	28 	17 	12 	10 	10 	
-183 	49 	27 	17 	12 	10 	10 	
-182 	49 	27 	17 	12 	10 	10 	
-181 	49 	27 	17 	12 	10 	10 	
-180 	49 	27 	17 	12 	10 	10 	
-179 	48 	27 	17 	12 	10 	10 	
-178 	48 	27 	17 	12 	10 	10 	
-177 	48 	27 	17 	12 	10 	10 	
-176 	48 	27 	17 	12 	10 	10 	
-175 	47 	26 	16 	12 	10 	10 	
-174 	47 	26 	16 	12 	10 	10 	
-173 	47 	26 	16 	12 	10 	10 	
-172 	47 	26 	16 	12 	10 	10 	
-171 	46 	26 	16 	12 	10 	10 	
-170 	46 	26 	16 	12 	10 	10 	
-169 	46 	26 	16 	12 	10 	10 	
-168 	46 	26 	16 	12 	10 	10 	
-167 	45 	25 	16 	12 	10 	10 	
-166 	45 	25 	16 	12 	10 	10 	
-165 	45 	25 	16 	12 	10 	10 	
-164 	45 	25 	16 	12 	10 	10 	
-163 	44 	25 	16 	12 	10 	10 	
-162 	44 	25 	16 	12 	10 	10 	
-161 	44 	25 	16 	12 	10 	10 	
-160 	44 	25 	16 	12 	10 	10 	
-159 	43 	24 	15 	11 	10 	10 	
-158 	43 	24 	15 	11 	10 	10 	
-157 	43 	24 	15 	11 	10 	10 	
-156 	43 	24 	15 	11 	10 	10 	
-155 	42 	24 	15 	11 	10 	10 	
-154 	42 	24 	15 	11 	10 	10 	
-153 	42 	24 	15 	11 	10 	10 	
-152 	42 	24 	15 	11 	10 	10 	
-151 	41 	23 	15 	11 	10 	10 	
-150 	41 	23 	15 	11 	10 	10 	
-149 	41 	23 	15 	11 	10 	10 	
-148 	41 	23 	15 	11 	10 	10 	
-147 	40 	23 	15 	11 	10 	10 	
-146 	40 	23 	15 	11 	10 	10 	
-145 	40 	23 	15 	11 	10 	10 	
-144 	40 	23 	15 	11 	10 	10 	
-143 	39 	22 	14 	11 	10 	10 	
-142 	39 	22 	14 	11 	10 	10 	
-141 	39 	22 	14 	11 	10 	10 	
-140 	39 	22 	14 	11 	10 	10 	
-139 	38 	22 	14 	11 	10 	10 	
-138 	38 	22 	14 	11 	10 	10 	
-137 	38 	22 	14 	11 	10 	10 	
-136 	38 	22 	14 	11 	10 	10 	
-135 	37 	21 	14 	11 	10 	10 	
-134 	37 	21 	14 	11 	10 	10 	
-133 	37 	21 	14 	11 	10 	10 	
-132 	37 	21 	14 	11 	10 	10 	
-131 	36 	21 	14 	11 	10 	10 	
-130 	36 	21 	14 	11 	10 	10 	
-129 	36 	21 	14 	11 	10 	10 	
-128 	36 	21 	14 	11 	10 	10 	
-127 	35 	20 	13 	10 	9 	9 	
-126 	35 	20 	13 	10 	9 	9 	
-125 	35 	20 	13 	10 	9 	9 	
-124 	35 	20 	13 	10 	9 	9 	
-123 	34 	20 	13 	10 	9 	9 	
-122 	34 	20 	13 	10 	9 	9 	
-121 	34 	20 	13 	10 	9 	9 	
-120 	34 	20 	13 	10 	9 	9 	
-119 	33 	19 	13 	10 	9 	9 	
-118 	33 	19 	13 	10 	9 	9 	
-117 	33 	19 	13 	10 	9 	9 	
-116 	33 	19 	13 	10 	9 	9 	
-115 	32 	19 	13 	10 	9 	9 	
-114 	32 	19 	13 	10 	9 	9 	
-113 	32 	19 	13 	10 	9 	9 	
-112 	32 	19 	13 	10 	9 	9 	
-111 	31 	18 	12 	10 	9 	9 	
-110 	31 	18 	12 	10 	9 	9 	
-109 	31 	18 	12 	10 	9 	9 	
-108 	31 	18 	12 	10 	9 	9 	
-107 	30 	18 	12 	10 	9 	9 	
-106 	30 	18 	12 	10 	9 	9 	
-105 	30 	18 	12 	10 	9 	9 	
-104 	30 	18 	12 	10 	9 	9 	
-103 	29 	17 	12 	10 	9 	9 	
-102 	29 	17 	12 	10 	9 	9 	
-101 	29 	17 	12 	10 	9 	9 	
-100 	29 	17 	12 	10 	9 	9 	
-99 	28 	17 	12 	10 	9 	9 	
-98 	28 	17 	12 	10 	9 	9 	
-97 	28 	17 	12 	10 	9 	9 	
-96 	28 	17 	12 	10 	9 	9 	
-95 	27 	16 	11 	9 	9 	9 	
-94 	27 	16 	11 	9 	9 	9 	
-93 	27 	16 	11 	9 	9 	9 	
-92 	27 	16 	11 	9 	9 	9 	
-91 	26 	16 	11 	9 	9 	9 	
-90 	26 	16 	11 	9 	9 	9 	
-89 	26 	16 	11 	9 	9 	9 	
-88 	26 	16 	11 	9 	9 	9 	
-87 	25 	15 	11 	9 	9 	9 	
-86 	25 	15 	11 	9 	9 	9 	
-85 	25 	15 	11 	9 	9 	9 	
-84 	25 	15 	11 	9 	9 	9 	
-83 	24 	15 	11 	9 	9 	9 	
-82 	24 	15 	11 	9 	9 	9 	
-81 	24 	15 	11 	9 	9 	9 	
-80 	24 	15 	11 	9 	9 	9 	
-79 	23 	14 	10 	9 	9 	9 	
-78 	23 	14 	10 	9 	9 	9 	
-77 	23 	14 	10 	9 	9 	9 	
-76 	23 	14 	10 	9 	9 	9 	
-75 	22 	14 	10 	9 	9 	9 	
-74 	22 	14 	10 	9 	9 	9 	
-73 	22 	14 	10 	9 	9 	9 	
-72 	22 	14 	10 	9 	9 	9 	
-71 	21 	13 	10 	9 	9 	9 	
-70 	21 	13 	10 	9 	9 	9 	
-69 	21 	13 	10 	9 	9 	9 	
-68 	21 	13 	10 	9 	9 	9 	
-67 	20 	13 	10 	9 	9 	9 	
-66 	20 	13 	10 	9 	9 	9 	
-65 	20 	13 	10 	9 	9 	9 	
-64 	20 	13 	10 	9 	9 	9 	
-63 	19 	12 	9 	8 	8 	9 	
-62 	19 	12 	9 	8 	8 	9 	
-61 	19 	12 	9 	8 	8 	9 	
-60 	19 	12 	9 	8 	8 	9 	
-59 	18 	12 	9 	8 	8 	9 	
-58 	18 	12 	9 	8 	8 	9 	
-57 	18 	12 	9 	8 	8 	9 	
-56 	18 	12 	9 	8 	8 	9 	
-55 	17 	11 	9 	8 	8 	9 	
-54 	17 	11 	9 	8 	8 	9 	
-53 	17 	11 	9 	8 	8 	9 	
-52 	17 	11 	9 	8 	8 	9 	
-51 	16 	11 	9 	8 	8 	9 	
-50 	16 	11 	9 	8 	8 	9 	
-49 	16 	11 	9 	8 	8 	9 	
-48 	16 	11 	9 	8 	8 	9 	
-47 	15 	10 	8 	8 	8 	9 	
-46 	15 	10 	8 	8 	8 	9 	
-45 	15 	10 	8 	8 	8 	9 	
-44 	15 	10 	8 	8 	8 	9 	
-43 	14 	10 	8 	8 	8 	9 	
-42 	14 	10 	8 	8 	8 	9 	
-41 	14 	10 	8 	8 	8 	9 	
-40 	14 	10 	8 	8 	8 	9 	
-39 	13 	9 	8 	8 	8 	9 	
-38 	13 	9 	8 	8 	8 	9 	
-37 	13 	9 	8 	8 	8 	9 	
-36 	13 	9 	8 	8 	8 	9 	
-35 	12 	9 	8 	8 	8 	9 	
-34 	12 	9 	8 	8 	8 	9 	
-33 	12 	9 	8 	8 	8 	9 	
-32 	12 	9 	8 	8 	8 	9 	
-31 	11 	8 	7 	7 	8 	9 	
-30 	11 	8 	7 	7 	8 	9 	
-29 	11 	8 	7 	7 	8 	9 	
-28 	11 	8 	7 	7 	8 	9 	
-27 	10 	8 	7 	7 	8 	9 	
-26 	10 	8 	7 	7 	8 	9 	
-25 	10 	8 	7 	7 	8 	9 	
-24 	10 	8 	7 	7 	8 	9 	
-23 	9 	7 	7 	7 	8 	9 	
-22 	9 	7 	7 	7 	8 	9 	
-21 	9 	7 	7 	7 	8 	9 	
-20 	9 	7 	7 	7 	8 	9 	
-19 	8 	7 	7 	7 	8 	9 	
-18 	8 	7 	7 	7 	8 	9 	
-17 	8 	7 	7 	7 	8 	9 	
-16 	8 	7 	7 	7 	8 	9 	
-15 	7 	6 	6 	7 	8 	9 	
-14 	7 	6 	6 	7 	8 	9 	
-13 	7 	6 	6 	7 	8 	9 	
-12 	7 	6 	6 	7 	8 	9 	
-11 	6 	6 	6 	7 	8 	9 	
-10 	6 	6 	6 	7 	8 	9 	
-9 	6 	6 	6 	7 	8 	9 	
-8 	6 	6 	6 	7 	8 	9 	
-7 	5 	5 	6 	7 	8 	9 	
-6 	5 	5 	6 	7 	8 	9 	
-5 	5 	5 	6 	7 	8 	9 	
-4 	5 	5 	6 	7 	8 	9 	
-3 	4 	5 	6 	7 	8 	9 	
-2 	4 	5 	6 	7 	8 	9 	
-1 	4 	5 	6 	7 	8 	9 	
0 	4 	5 	6 	7 	8 	9 	
1 	4 	5 	6 	7 	8 	9 	
2 	4 	5 	6 	7 	8 	9 	
3 	4 	5 	6 	7 	8 	9 	
4 	5 	5 	6 	7 	8 	9 	
5 	5 	5 	6 	7 	8 	9 	
6 	5 	5 	6 	7 	8 	9 	
7 	5 	5 	6 	7 	8 	9 	
8 	6 	6 	6 	7 	8 	9 	
9 	6 	6 	6 	7 	8 	9 	
10 	6 	6 	6 	7 	8 	9 	
11 	6 	6 	6 	7 	8 	9 	
12 	7 	6 	6 	7 	8 	9 	
13 	7 	6 	6 	7 	8 	9 	
14 	7 	6 	6 	7 	8 	9 	
15 	7 	6 	6 	7 	8 	9 	
16 	8 	7 	7 	7 	8 	9 	
17 	8 	7 	7 	7 	8 	9 	
18 	8 	7 	7 	7 	8 	9 	
19 	8 	7 	7 	7 	8 	9 	
20 	9 	7 	7 	7 	8 	9 	
21 	9 	7 	7 	7 	8 	9 	
22 	9 	7 	7 	7 	8 	9 	
23 	9 	7 	7 	7 	8 	9 	
24 	10 	8 	7 	7 	8 	9 	
25 	10 	8 	7 	7 	8 	9 	
26 	10 	8 	7 	7 	8 	9 	
27 	10 	8 	7 	7 	8 	9 	
28 	11 	8 	7 	7 	8 	9 	
29 	11 	8 	7 	7 	8 	9 	
30 	11 	8 	7 	7 	8 	9 	
31 	11 	8 	7 	7 	8 	9 	
32 	12 	9 	8 	8 	8 	9 	
33 	12 	9 	8 	8 	8 	9 	
34 	12 	9 	8 	8 	8 	9 	
35 	12 	9 	8 	8 	8 	9 	
36 	13 	9 	8 	8 	8 	9 	
37 	13 	9 	8 	8 	8 	9 	
38 	13 	9 	8 	8 	8 	9 	
39 	13 	9 	8 	8 	8 	9 	
40 	14 	10 	8 	8 	8 	9 	
41 	14 	10 	8 	8 	8 	9 	
42 	14 	10 	8 	8 	8 	9 	
43 	14 	10 	8 	8 	8 	9 	
44 	15 	10 	8 	8 	8 	9 	
45 	15 	10 	8 	8 	8 	9 	
46 	15 	10 	8 	8 	8 	9 	
47 	15 	10 	8 	8 	8 	9 	
48 	16 	11 	9 	8 	8 	9 	
49 	16 	11 	9 	8 	8 	9 	
50 	16 	11 	9 	8 	8 	9 	
51 	16 	11 	9 	8 	8 	9 	
52 	17 	11 	9 	8 	8 	9 	
53 	17 	11 	9 	8 	8 	9 	
54 	17 	11 	9 	8 	8 	9 	
55 	17 	11 	9 	8 	8 	9 	
56 	18 	12 	9 	8 	8 	9 	
57 	18 	12 	9 	8 	8 	9 	
58 	18 	12 	9 	8 	8 	9 	
59 	18 	12 	9 	8 	8 	9 	
60 	19 	12 	9 	8 	8 	9 	
61 	19 	12 	9 	8 	8 	9 	
62 	19 	12 	9 	8 	8 	9 	
63 	19 	12 	9 	8 	8 	9 	
64 	20 	13 	10 	9 	9 	9 	
65 	20 	13 	10 	9 	9 	9 	
66 	20 	13 	10 	9 	9 	9 	
67 	20 	13 	10 	9 	9 	9 	
68 	21 	13 	10 	9 	9 	9 	
69 	21 	13 	10 	9 	9 	9 	
70 	21 	13 	10 	9 	9 	9 	
71 	21 	13 	10 	9 	9 	9 	
72 	22 	14 	10 	9 	9 	9 	
73 	22 	14 	10 	9 	9 	9 	
74 	22 	14 	10 	9 	9 	9 	
75 	22 	14 	10 	9 	9 	9 	
76 	23 	14 	10 	9 	9 	9 	
77 	23 	14 	10 	9 	9 	9 	
78 	23 	14 	10 	9 	9 	9 	
79 	23 	14 	10 	9 	9 	9 	
80 	24 	15 	11 	9 	9 	9 	
81 	24 	15 	11 	9 	9 	9 	
82 	24 	15 	11 	9 	9 	9 	
83 	24 	15 	11 	9 	9 	9 	
84 	25 	15 	11 	9 	9 	9 	
85 	25 	15 	11 	9 	9 	9 	
86 	25 	15 	11 	9 	9 	9 	
87 	25 	15 	11 	9 	9 	9 	
88 	26 	16 	11 	9 	9 	9 	
89 	26 	16 	11 	9 	9 	9 	
90 	26 	16 	11 	9 	9 	9 	
91 	26 	16 	11 	9 	9 	9 	
92 	27 	16 	11 	9 	9 	9 	
93 	27 	16 	11 	9 	9 	9 	
94 	27 	16 	11 	9 	9 	9 	
95 	27 	16 	11 	9 	9 	9 	
96 	28 	17 	12 	10 	9 	9 	
97 	28 	17 	12 	10 	9 	9 	
98 	28 	17 	12 	10 	9 	9 	
99 	28 	17 	12 	10 	9 	9 	
100 	29 	17 	12 	10 	9 	9 	
101 	29 	17 	12 	10 	9 	9 	
102 	29 	17 	12 	10 	9 	9 	
103 	29 	17 	12 	10 	9 	9 	
104 	30 	18 	12 	10 	9 	9 	
105 	30 	18 	12 	10 	9 	9 	
106 	30 	18 	12 	10 	9 	9 	
107 	30 	18 	12 	10 	9 	9 	
108 	31 	18 	12 	10 	9 	9 	
109 	31 	18 	12 	10 	9 	9 	
110 	31 	18 	12 	10 	9 	9 	
111 	31 	18 	12 	10 	9 	9 	
112 	32 	19 	13 	10 	9 	9 	
113 	32 	19 	13 	10 	9 	9 	
114 	32 	19 	13 	10 	9 	9 	
115 	32 	19 	13 	10 	9 	9 	
116 	33 	19 	13 	10 	9 	9 	
117 	33 	19 	13 	10 	9 	9 	
118 	33 	19 	13 	10 	9 	9 	
119 	33 	19 	13 	10 	9 	9 	
120 	34 	20 	13 	10 	9 	9 	
121 	34 	20 	13 	10 	9 	9 	
122 	34 	20 	13 	10 	9 	9 	
123 	34 	20 	13 	10 	9 	9 	
124 	35 	20 	13 	10 	9 	9 	
125 	35 	20 	13 	10 	9 	9 	
126 	35 	20 	13 	10 	9 	9 	
127 	35 	20 	13 	10 	9 	9 	
128 	36 	21 	14 	11 	10 	10 	
129 	36 	21 	14 	11 	10 	10 	
130 	36 	21 	14 	11 	10 	10 	
131 	36 	21 	14 	11 	10 	10 	
132 	37 	21 	14 	11 	10 	10 	
133 	37 	21 	14 	11 	10 	10 	
134 	37 	21 	14 	11 	10 	10 	
135 	37 	21 	14 	11 	10 	10 	
136 	38 	22 	14 	11 	10 	10 	
137 	38 	22 	14 	11 	10 	10 	
138 	38 	22 	14 	11 	10 	10 	
139 	38 	22 	14 	11 	10 	10 	
140 	39 	22 	14 	11 	10 	10 	
141 	39 	22 	14 	11 	10 	10 	
142 	39 	22 	14 	11 	10 	10 	
143 	39 	22 	14 	11 	10 	10 	
144 	40 	23 	15 	11 	10 	10 	
145 	40 	23 	15 	11 	10 	10 	
146 	40 	23 	15 	11 	10 	10 	
147 	40 	23 	15 	11 	10 	10 	
148 	41 	23 	15 	11 	10 	10 	
149 	41 	23 	15 	11 	10 	10 	
150 	41 	23 	15 	11 	10 	10 	
151 	41 	23 	15 	11 	10 	10 	
152 	42 	24 	15 	11 	10 	10 	
153 	42 	24 	15 	11 	10 	10 	
154 	42 	24 	15 	11 	10 	10 	
155 	42 	24 	15 	11 	10 	10 	
156 	43 	24 	15 	11 	10 	10 	
157 	43 	24 	15 	11 	10 	10 	
158 	43 	24 	15 	11 	10 	10 	
159 	43 	24 	15 	11 	10 	10 	
160 	44 	25 	16 	12 	10 	10 	
161 	44 	25 	16 	12 	10 	10 	
162 	44 	25 	16 	12 	10 	10 	
163 	44 	25 	16 	12 	10 	10 	
164 	45 	25 	16 	12 	10 	10 	
165 	45 	25 	16 	12 	10 	10 	
166 	45 	25 	16 	12 	10 	10 	
167 	45 	25 	16 	12 	10 	10 	
168 	46 	26 	16 	12 	10 	10 	
169 	46 	26 	16 	12 	10 	10 	
170 	46 	26 	16 	12 	10 	10 	
171 	46 	26 	16 	12 	10 	10 	
172 	47 	26 	16 	12 	10 	10 	
173 	47 	26 	16 	12 	10 	10 	
174 	47 	26 	16 	12 	10 	10 	
175 	47 	26 	16 	12 	10 	10 	
176 	48 	27 	17 	12 	10 	10 	
177 	48 	27 	17 	12 	10 	10 	
178 	48 	27 	17 	12 	10 	10 	
179 	48 	27 	17 	12 	10 	10 	
180 	49 	27 	17 	12 	10 	10 	
181 	49 	27 	17 	12 	10 	10 	
182 	49 	27 	17 	12 	10 	10 	
183 	49 	27 	17 	12 	10 	10 	
184 	50 	28 	17 	12 	10 	10 	
185 	50 	28 	17 	12 	10 	10 	
186 	50 	28 	17 	12 	10 	10 	
187 	50 	28 	17 	12 	10 	10 	
188 	51 	28 	17 	12 	10 	10 	
189 	51 	28 	17 	12 	10 	10 	
190 	51 	28 	17 	12 	10 	10 	
191 	51 	28 	17 	12 	10 	10 	
192 	52 	29 	18 	13 	11 	10 	
193 	52 	29 	18 	13 	11 	10 	
194 	52 	29 	18 	13 	11 	10 	
195 	52 	29 	18 	13 	11 	10 	
196 	53 	29 	18 	13 	11 	10 	
197 	53 	29 	18 	13 	11 	10 	
198 	53 	29 	18 	13 	11 	10 	
199 	53 	29 	18 	13 	11 	10 	
200 	54 	30 	18 	13 	11 	10 	
201 	54 	30 	18 	13 	11 	10 	
202 	54 	30 	18 	13 	11 	10 	
203 	54 	30 	18 	13 	11 	10 	
204 	55 	30 	18 	13 	11 	10 	
205 	55 	30 	18 	13 	11 	10 	
206 	55 	30 	18 	13 	11 	10 	
207 	55 	30 	18 	13 	11 	10 	
208 	56 	31 	19 	13 	11 	10 	
209 	56 	31 	19 	13 	11 	10 	
210 	56 	31 	19 	13 	11 	10 	
211 	56 	31 	19 	13 	11 	10 	
212 	57 	31 	19 	13 	11 	10 	
213 	57 	31 	19 	13 	11 	10 	
214 	57 	31 	19 	13 	11 	10 	
215 	57 	31 	19 	13 	11 	10 	
216 	58 	32 	19 	13 	11 	10 	
217 	58 	32 	19 	13 	11 	10 	
218 	58 	32 	19 	13 	11 	10 	
219 	58 	32 	19 	13 	11 	10 	
220 	59 	32 	19 	13 	11 	10 	
221 	59 	32 	19 	13 	11 	10 	
222 	59 	32 	19 	13 	11 	10 	
223 	59 	32 	19 	13 	11 	10 	
224 	60 	33 	20 	14 	11 	10 	
225 	60 	33 	20 	14 	11 	10 	
226 	60 	33 	20 	14 	11 	10 	
227 	60 	33 	20 	14 	11 	10 	
228 	61 	33 	20 	14 	11 	10 	
229 	61 	33 	20 	14 	11 	10 	
230 	61 	33 	20 	14 	11 	10 	
231 	61 	33 	20 	14 	11 	10 	
232 	62 	34 	20 	14 	11 	10 	
233 	62 	34 	20 	14 	11 	10 	
234 	62 	34 	20 	14 	11 	10 	
235 	62 	34 	20 	14 	11 	10 	
236 	63 	34 	20 	14 	11 	10 	
237 	63 	34 	20 	14 	11 	10 	
238 	63 	34 	20 	14 	11 	10 	
239 	63 	34 	20 	14 	11 	10 	
240 	64 	35 	21 	14 	11 	10 	
241 	64 	35 	21 	14 	11 	10 	
242 	64 	35 	21 	14 	11 	10 	
243 	64 	35 	21 	14 	11 	10 	
244 	65 	35 	21 	14 	11 	10 	
245 	65 	35 	21 	14 	11 	10 	
246 	65 	35 	21 	14 	11 	10 	
247 	65 	35 	21 	14 	11 	10 	
248 	66 	36 	21 	14 	11 	10 	
249 	66 	36 	21 	14 	11 	10 	
250 	66 	36 	21 	14 	11 	10 	
251 	66 	36 	21 	14 	11 	10 	
252 	67 	36 	21 	14 	11 	10 	
253 	67 	36 	21 	14 	11 	10 	
254 	67 	36 	21 	14 	11 	10 	
255 	67 	36 	21 	14 	11 	10 	
256 	68 	37 	22 	15 	12 	11 	
257 	68 	37 	22 	15 	12 	11 	
258 	68 	37 	22 	15 	12 	11 	
259 	68 	37 	22 	15 	12 	11 	
260 	69 	37 	22 	15 	12 	11 	
261 	69 	37 	22 	15 	12 	11 	
262 	69 	37 	22 	15 	12 	11 	
263 	69 	37 	22 	15 	12 	11 	
264 	70 	38 	22 	15 	12 	11 	
265 	70 	38 	22 	15 	12 	11 	
266 	70 	38 	22 	15 	12 	11 	
267 	70 	38 	22 	15 	12 	11 	
268 	71 	38 	22 	15 	12 	11 	
269 	71 	38 	22 	15 	12 	11 	
270 	71 	38 	22 	15 	12 	11 	
271 	71 	38 	22 	15 	12 	11 	
272 	72 	39 	23 	15 	12 	11 	
273 	72 	39 	23 	15 	12 	11 	
274 	72 	39 	23 	15 	12 	11 	
275 	72 	39 	23 	15 	12 	11 	
276 	73 	39 	23 	15 	12 	11 	
277 	73 	39 	23 	15 	12 	11 	
278 	73 	39 	23 	15 	12 	11 	
279 	73 	39 	23 	15 	12 	11 	
280 	74 	40 	23 	15 	12 	11 	
281 	74 	40 	23 	15 	12 	11 	
282 	74 	40 	23 	15 	12 	11 	
283 	74 	40 	23 	15 	12 	11 	
284 	75 	40 	23 	15 	12 	11 	
285 	75 	40 	23 	15 	12 	11 	
286 	75 	40 	23 	15 	12 	11 	
287 	75 	40 	23 	15 	12 	11 	
288 	76 	41 	24 	16 	12 	11 	
289 	76 	41 	24 	16 	12 	11 	
290 	76 	41 	24 	16 	12 	11 	
291 	76 	41 	24 	16 	12 	11 	
292 	77 	41 	24 	16 	12 	11 	
293 	77 	41 	24 	16 	12 	11 	
294 	77 	41 	24 	16 	12 	11 	
295 	77 	41 	24 	16 	12 	11 	
296 	78 	42 	24 	16 	12 	11 	
297 	78 	42 	24 	16 	12 	11 	
298 	78 	42 	24 	16 	12 	11 	
299 	78 	42 	24 	16 	12 	11 	
300 	79 	42 	24 	16 	12 	11 	
301 	79 	42 	24 	16 	12 	11 	
302 	79 	42 	24 	16 	12 	11 	
303 	79 	42 	24 	16 	12 	11 	
304 	80 	43 	25 	16 	12 	11 	
305 	80 	43 	25 	16 	12 	11 	
306 	80 	43 	25 	16 	12 	11 	
307 	80 	43 	25 	16 	12 	11 	
308 	81 	43 	25 	16 	12 	11 	
309 	81 	43 	25 	16 	12 	11 	
310 	81 	43 	25 	16 	12 	11 	
311 	81 	43 	25 	16 	12 	11 	
312 	82 	44 	25 	16 	12 	11 	
313 	82 	44 	25 	16 	12 	11 	
314 	82 	44 	25 	16 	12 	11 	
315 	82 	44 	25 	16 	12 	11 	
316 	83 	44 	25 	16 	12 	11 	
317 	83 	44 	25 	16 	12 	11 	
318 	83 	44 	25 	16 	12 	11 	
319 	83 	44 	25 	16 	12 	11 	
320 	84 	45 	26 	17 	13 	11 	
321 	84 	45 	26 	17 	13 	11 	
322 	84 	45 	26 	17 	13 	11 	
323 	84 	45 	26 	17 	13 	11 	
324 	85 	45 	26 	17 	13 	11 	
325 	85 	45 	26 	17 	13 	11 	
326 	85 	45 	26 	17 	13 	11 	
327 	85 	45 	26 	17 	13 	11 	
328 	86 	46 	26 	17 	13 	11 	
329 	86 	46 	26 	17 	13 	11 	
330 	86 	46 	26 	17 	13 	11 	
331 	86 	46 	26 	17 	13 	11 	
332 	87 	46 	26 	17 	13 	11 	
333 	87 	46 	26 	17 	13 	11 	
334 	87 	46 	26 	17 	13 	11 	
335 	87 	46 	26 	17 	13 	11 	
336 	88 	47 	27 	17 	13 	11 	
337 	88 	47 	27 	17 	13 	11 	
338 	88 	47 	27 	17 	13 	11 	
339 	88 	47 	27 	17 	13 	11 	
340 	89 	47 	27 	17 	13 	11 	
341 	89 	47 	27 	17 	13 	11 	
342 	89 	47 	27 	17 	13 	11 	
343 	89 	47 	27 	17 	13 	11 	
344 	90 	48 	27 	17 	13 	11 	
345 	90 	48 	27 	17 	13 	11 	
346 	90 	48 	27 	17 	13 	11 	
347 	90 	48 	27 	17 	13 	11 	
348 	91 	48 	27 	17 	13 	11 	
349 	91 	48 	27 	17 	13 	11 	
350 	91 	48 	27 	17 	13 	11 	
351 	91 	48 	27 	17 	13 	11 	
352 	92 	49 	28 	18 	13 	11 	
353 	92 	49 	28 	18 	13 	11 	
354 	92 	49 	28 	18 	13 	11 	
355 	92 	49 	28 	18 	13 	11 	
356 	93 	49 	28 	18 	13 	11 	
357 	93 	49 	28 	18 	13 	11 	
358 	93 	49 	28 	18 	13 	11 	
359 	93 	49 	28 	18 	13 	11 	
360 	94 	50 	28 	18 	13 	11 	
361 	94 	50 	28 	18 	13 	11 	
362 	94 	50 	28 	18 	13 	11 	
363 	94 	50 	28 	18 	13 	11 	
364 	95 	50 	28 	18 	13 	11 	
365 	95 	50 	28 	18 	13 	11 	
366 	95 	50 	28 	18 	13 	11 	
367 	95 	50 	28 	18 	13 	11 	
368 	96 	51 	29 	18 	13 	11 	
369 	96 	51 	29 	18 	13 	11 	
370 	96 	51 	29 	18 	13 	11 	
371 	96 	51 	29 	18 	13 	11 	
372 	97 	51 	29 	18 	13 	11 	
373 	97 	51 	29 	18 	13 	11 	
374 	97 	51 	29 	18 	13 	11 	
375 	97 	51 	29 	18 	13 	11 	
376 	98 	52 	29 	18 	13 	11 	
377 	98 	52 	29 	18 	13 	11 	
378 	98 	52 	29 	18 	13 	11 	
379 	98 	52 	29 	18 	13 	11 	
380 	99 	52 	29 	18 	13 	11 	
381 	99 	52 	29 	18 	13 	11 	
382 	99 	52 	29 	18 	13 	11 	
383 	99 	52 	29 	18 	13 	11 	
384 	100 	53 	30 	19 	14 	12 	
385 	100 	53 	30 	19 	14 	12 	
386 	100 	53 	30 	19 	14 	12 	
387 	100 	53 	30 	19 	14 	12 	
388 	101 	53 	30 	19 	14 	12 	
389 	101 	53 	30 	19 	14 	12 	
390 	101 	53 	30 	19 	14 	12 	
391 	101 	53 	30 	19 	14 	12 	
392 	102 	54 	30 	19 	14 	12 	
393 	102 	54 	30 	19 	14 	12 	
394 	102 	54 	30 	19 	14 	12 	
395 	102 	54 	30 	19 	14 	12 	
396 	103 	54 	30 	19 	14 	12 	
397 	103 	54 	30 	19 	14 	12 	
398 	103 	54 	30 	19 	14 	12 	
399 	103 	54 	30 	19 	14 	12 	
400 	104 	55 	31 	19 	14 	12 	
401 	104 	55 	31 	19 	14 	12 	
402 	104 	55 	31 	19 	14 	12 	
403 	104 	55 	31 	19 	14 	12 	
404 	105 	55 	31 	19 	14 	12 	
405 	105 	55 	31 	19 	14 	12 	
406 	105 	55 	31 	19 	14 	12 	
407 	105 	55 	31 	19 	14 	12 	
408 	106 	56 	31 	19 	14 	12 	
409 	106 	56 	31 	19 	14 	12 	
410 	106 	56 	31 	19 	14 	12 	
411 	106 	56 	31 	19 	14 	12 	
412 	107 	56 	31 	19 	14 	12 	
413 	107 	56 	31 	19 	14 	12 	
414 	107 	56 	31 	19 	14 	12 	
415 	107 	56 	31 	19 	14 	12 	
416 	108 	57 	32 	20 	14 	12 	
417 	108 	57 	32 	20 	14 	12 	
418 	108 	57 	32 	20 	14 	12 	
419 	108 	57 	32 	20 	14 	12 	
420 	109 	57 	32 	20 	14 	12 	
421 	109 	57 	32 	20 	14 	12 	
422 	109 	57 	32 	20 	14 	12 	
423 	109 	57 	32 	20 	14 	12 	
424 	110 	58 	32 	20 	14 	12 	
425 	110 	58 	32 	20 	14 	12 	
426 	110 	58 	32 	20 	14 	12 	
427 	110 	58 	32 	20 	14 	12 	
428 	111 	58 	32 	20 	14 	12 	
429 	111 	58 	32 	20 	14 	12 	
430 	111 	58 	32 	20 	14 	12 	
431 	111 	58 	32 	20 	14 	12 	
432 	112 	59 	33 	20 	14 	12 	
433 	112 	59 	33 	20 	14 	12 	
434 	112 	59 	33 	20 	14 	12 	
435 	112 	59 	33 	20 	14 	12 	
436 	113 	59 	33 	20 	14 	12 	
437 	113 	59 	33 	20 	14 	12 	
438 	113 	59 	33 	20 	14 	12 	
439 	113 	59 	33 	20 	14 	12 	
440 	114 	60 	33 	20 	14 	12 	
441 	114 	60 	33 	20 	14 	12 	
442 	114 	60 	33 	20 	14 	12 	
443 	114 	60 	33 	20 	14 	12 	
444 	115 	60 	33 	20 	14 	12 	
445 	115 	60 	33 	20 	14 	12 	
446 	115 	60 	33 	20 	14 	12 	
447 	115 	60 	33 	20 	14 	12 	
448 	116 	61 	34 	21 	15 	12 	
449 	116 	61 	34 	21 	15 	12 	
450 	116 	61 	34 	21 	15 	12 	
451 	116 	61 	34 	21 	15 	12 	
452 	117 	61 	34 	21 	15 	12 	
453 	117 	61 	34 	21 	15 	12 	
454 	117 	61 	34 	21 	15 	12 	
455 	117 	61 	34 	21 	15 	12 	
456 	118 	62 	34 	21 	15 	12 	
457 	118 	62 	34 	21 	15 	12 	
458 	118 	62 	34 	21 	15 	12 	
459 	118 	62 	34 	21 	15 	12 	
460 	119 	62 	34 	21 	15 	12 	
461 	119 	62 	34 	21 	15 	12 	
462 	119 	62 	34 	21 	15 	12 	
463 	119 	62 	34 	21 	15 	12 	
464 	120 	63 	35 	21 	15 	12 	
465 	120 	63 	35 	21 	15 	12 	
466 	120 	63 	35 	21 	15 	12 	
467 	120 	63 	35 	21 	15 	12 	
468 	121 	63 	35 	21 	15 	12 	
469 	121 	63 	35 	21 	15 	12 	
470 	121 	63 	35 	21 	15 	12 	
471 	121 	63 	35 	21 	15 	12 	
472 	122 	64 	35 	21 	15 	12 	
473 	122 	64 	35 	21 	15 	12 	
474 	122 	64 	35 	21 	15 	12 	
475 	122 	64 	35 	21 	15 	12 	
476 	123 	64 	35 	21 	15 	12 	
477 	123 	64 	35 	21 	15 	12 	
478 	123 	64 	35 	21 	15 	12 	
479 	123 	64 	35 	21 	15 	12 	
480 	124 	65 	36 	22 	15 	12 	
481 	124 	65 	36 	22 	15 	12 	
482 	124 	65 	36 	22 	15 	12 	
483 	124 	65 	36 	22 	15 	12 	
484 	125 	65 	36 	22 	15 	12 	
485 	125 	65 	36 	22 	15 	12 	
486 	125 	65 	36 	22 	15 	12 	
487 	125 	65 	36 	22 	15 	12 	
488 	126 	66 	36 	22 	15 	12 	
489 	126 	66 	36 	22 	15 	12 	
490 	126 	66 	36 	22 	15 	12 	
491 	126 	66 	36 	22 	15 	12 	
492 	127 	66 	36 	22 	15 	12 	
493 	127 	66 	36 	22 	15 	12 	
494 	127 	66 	36 	22 	15 	12 	
495 	127 	66 	36 	22 	15 	12 	
496 	128 	67 	37 	22 	15 	12 	
497 	128 	67 	37 	22 	15 	12 	
498 	128 	67 	37 	22 	15 	12 	
499 	128 	67 	37 	22 	15 	12 	
500 	129 	67 	37 	22 	15 	12 	
501 	129 	67 	37 	22 	15 	12 	
502 	129 	67 	37 	22 	15 	12 	
503 	129 	67 	37 	22 	15 	12 	
504 	130 	68 	37 	22 	15 	12 	
505 	130 	68 	37 	22 	15 	12 	
506 	130 	68 	37 	22 	15 	12 	
507 	130 	68 	37 	22 	15 	12 	
508 	131 	68 	37 	22 	15 	12 	
509 	131 	68 	37 	22 	15 	12 	
510 	131 	68 	37 	22 	15 	12 	
511 	131 	68 	37 	22 	15 	12 	
512 	132 	69 	38 	23 	16 	13 	
513 	132 	69 	38 	23 	16 	13 	
514 	132 	69 	38 	23 	16 	13 	
515 	132 	69 	38 	23 	16 	13 	
516 	133 	69 	38 	23 	16 	13 	
517 	133 	69 	38 	23 	16 	13 	
518 	133 	69 	38 	23 	16 	13 	
519 	133 	69 	38 	23 	16 	13 	
520 	134 	70 	38 	23 	16 	13 	
521 	134 	70 	38 	23 	16 	13 	
522 	134 	70 	38 	23 	16 	13 	
523 	134 	70 	38 	23 	16 	13 	
524 	135 	70 	38 	23 	16 	13 	
525 	135 	70 	38 	23 	16 	13 	
526 	135 	70 	38 	23 	16 	13 	
527 	135 	70 	38 	23 	16 	13 	
528 	136 	71 	39 	23 	16 	13 	
529 	136 	71 	39 	23 	16 	13 	
530 	136 	71 	39 	23 	16 	13 	
531 	136 	71 	39 	23 	16 	13 	
532 	137 	71 	39 	23 	16 	13 	
533 	137 	71 	39 	23 	16 	13 	
534 	137 	71 	39 	23 	16 	13 	
535 	137 	71 	39 	23 	16 	13 	
536 	138 	72 	39 	23 	16 	13 	
537 	138 	72 	39 	23 	16 	13 	
538 	138 	72 	39 	23 	16 	13 	
539 	138 	72 	39 	23 	16 	13 	
540 	139 	72 	39 	23 	16 	13 	
541 	139 	72 	39 	23 	16 	13 	
542 	139 	72 	39 	23 	16 	13 	
543 	139 	72 	39 	23 	16 	13 	
544 	140 	73 	40 	24 	16 	13 	
545 	140 	73 	40 	24 	16 	13 	
546 	140 	73 	40 	24 	16 	13 	
547 	140 	73 	40 	24 	16 	13 	
548 	141 	73 	40 	24 	16 	13 	
549 	141 	73 	40 	24 	16 	13 	
550 	141 	73 	40 	24 	16 	13 	
551 	141 	73 	40 	24 	16 	13 	
552 	142 	74 	40 	24 	16 	13 	
553 	142 	74 	40 	24 	16 	13 	
554 	142 	74 	40 	24 	16 	13 	
555 	142 	74 	40 	24 	16 	13 	
556 	143 	74 	40 	24 	16 	13 	
557 	143 	74 	40 	24 	16 	13 	
558 	143 	74 	40 	24 	16 	13 	
559 	143 	74 	40 	24 	16 	13 	
560 	144 	75 	41 	24 	16 	13 	
561 	144 	75 	41 	24 	16 	13 	
562 	144 	75 	41 	24 	16 	13 	
563 	144 	75 	41 	24 	16 	13 	
564 	145 	75 	41 	24 	16 	13 	
565 	145 	75 	41 	24 	16 	13 	
566 	145 	75 	41 	24 	16 	13 	
567 	145 	75 	41 	24 	16 	13 	
568 	146 	76 	41 	24 	16 	13 	
569 	146 	76 	41 	24 	16 	13 	
570 	146 	76 	41 	24 	16 	13 	
571 	146 	76 	41 	24 	16 	13 	
572 	147 	76 	41 	24 	16 	13 	
573 	147 	76 	41 	24 	16 	13 	
574 	147 	76 	41 	24 	16 	13 	
575 	147 	76 	41 	24 	16 	13 	
576 	148 	77 	42 	25 	17 	13 	
577 	148 	77 	42 	25 	17 	13 	
578 	148 	77 	42 	25 	17 	13 	
579 	148 	77 	42 	25 	17 	13 	
580 	149 	77 	42 	25 	17 	13 	
581 	149 	77 	42 	25 	17 	13 	
582 	149 	77 	42 	25 	17 	13 	
583 	149 	77 	42 	25 	17 	13 	
584 	150 	78 	42 	25 	17 	13 	
585 	150 	78 	42 	25 	17 	13 	
586 	150 	78 	42 	25 	17 	13 	
587 	150 	78 	42 	25 	17 	13 	
588 	151 	78 	42 	25 	17 	13 	
589 	151 	78 	42 	25 	17 	13 	
590 	151 	78 	42 	25 	17 	13 	
591 	151 	78 	42 	25 	17 	13 	
592 	152 	79 	43 	25 	17 	13 	
593 	152 	79 	43 	25 	17 	13 	
594 	152 	79 	43 	25 	17 	13 	
595 	152 	79 	43 	25 	17 	13 	
596 	153 	79 	43 	25 	17 	13 	
597 	153 	79 	43 	25 	17 	13 	
598 	153 	79 	43 	25 	17 	13 	
599 	153 	79 	43 	25 	17 	13 	
600 	154 	80 	43 	25 	17 	13 	
601 	154 	80 	43 	25 	17 	13 	
602 	154 	80 	43 	25 	17 	13 	
603 	154 	80 	43 	25 	17 	13 	
604 	155 	80 	43 	25 	17 	13 	
605 	155 	80 	43 	25 	17 	13 	
606 	155 	80 	43 	25 	17 	13 	
607 	155 	80 	43 	25 	17 	13 	
608 	156 	81 	44 	26 	17 	13 	
609 	156 	81 	44 	26 	17 	13 	
610 	156 	81 	44 	26 	17 	13 	
611 	156 	81 	44 	26 	17 	13 	
612 	157 	81 	44 	26 	17 	13 	
613 	157 	81 	44 	26 	17 	13 	
614 	157 	81 	44 	26 	17 	13 	
615 	157 	81 	44 	26 	17 	13 	
616 	158 	82 	44 	26 	17 	13 	
617 	158 	82 	44 	26 	17 	13 	
618 	158 	82 	44 	26 	17 	13 	
619 	158 	82 	44 	26 	17 	13 	
620 	159 	82 	44 	26 	17 	13 	
621 	159 	82 	44 	26 	17 	13 	
622 	159 	82 	44 	26 	17 	13 	
623 	159 	82 	44 	26 	17 	13 	
624 	160 	83 	45 	26 	17 	13 	
625 	160 	83 	45 	26 	17 	13 	
626 	160 	83 	45 	26 	17 	13 	
627 	160 	83 	45 	26 	17 	13 	
628 	161 	83 	45 	26 	17 	13 	
629 	161 	83 	45 	26 	17 	13 	
630 	161 	83 	45 	26 	17 	13 	
631 	161 	83 	45 	26 	17 	13 	
632 	162 	84 	45 	26 	17 	13 	
633 	162 	84 	45 	26 	17 	13 	
634 	162 	84 	45 	26 	17 	13 	
635 	162 	84 	45 	26 	17 	13 	
636 	163 	84 	45 	26 	17 	13 	
637 	163 	84 	45 	26 	17 	13 	
638 	163 	84 	45 	26 	17 	13 	
639 	163 	84 	45 	26 	17 	13 	
640 	164 	85 	46 	27 	18 	14 	
641 	164 	85 	46 	27 	18 	14 	
642 	164 	85 	46 	27 	18 	14 	
643 	164 	85 	46 	27 	18 	14 	
644 	165 	85 	46 	27 	18 	14 	
645 	165 	85 	46 	27 	18 	14 	
646 	165 	85 	46 	27 	18 	14 	
647 	165 	85 	46 	27 	18 	14 	
648 	166 	86 	46 	27 	18 	14 	
649 	166 	86 	46 	27 	18 	14 	
650 	166 	86 	46 	27 	18 	14 	
651 	166 	86 	46 	27 	18 	14 	
652 	167 	86 	46 	27 	18 	14 	
653 	167 	86 	46 	27 	18 	14 	
654 	167 	86 	46 	27 	18 	14 	
655 	167 	86 	46 	27 	18 	14 	
656 	168 	87 	47 	27 	18 	14 	
657 	168 	87 	47 	27 	18 	14 	
658 	168 	87 	47 	27 	18 	14 	
659 	168 	87 	47 	27 	18 	14 	
660 	169 	87 	47 	27 	18 	14 	
661 	169 	87 	47 	27 	18 	14 	
662 	169 	87 	47 	27 	18 	14 	
663 	169 	87 	47 	27 	18 	14 	
664 	170 	88 	47 	27 	18 	14 	
665 	170 	88 	47 	27 	18 	14 	
666 	170 	88 	47 	27 	18 	14 	
667 	170 	88 	47 	27 	18 	14 	
668 	171 	88 	47 	27 	18 	14 	
669 	171 	88 	47 	27 	18 	14 	
670 	171 	88 	47 	27 	18 	14 	
671 	171 	88 	47 	27 	18 	14 	
672 	172 	89 	48 	28 	18 	14 	
673 	172 	89 	48 	28 	18 	14 	
674 	172 	89 	48 	28 	18 	14 	
675 	172 	89 	48 	28 	18 	14 	
676 	173 	89 	48 	28 	18 	14 	
677 	173 	89 	48 	28 	18 	14 	
678 	173 	89 	48 	28 	18 	14 	
679 	173 	89 	48 	28 	18 	14 	
680 	174 	90 	48 	28 	18 	14 	
681 	174 	90 	48 	28 	18 	14 	
682 	174 	90 	48 	28 	18 	14 	
683 	174 	90 	48 	28 	18 	14 	
684 	175 	90 	48 	28 	18 	14 	
685 	175 	90 	48 	28 	18 	14 	
686 	175 	90 	48 	28 	18 	14 	
687 	175 	90 	48 	28 	18 	14 	
688 	176 	91 	49 	28 	18 	14 	
689 	176 	91 	49 	28 	18 	14 	
690 	176 	91 	49 	28 	18 	14 	
691 	176 	91 	49 	28 	18 	14 	
692 	177 	91 	49 	28 	18 	14 	
693 	177 	91 	49 	28 	18 	14 	
694 	177 	91 	49 	28 	18 	14 	
695 	177 	91 	49 	28 	18 	14 	
696 	178 	92 	49 	28 	18 	14 	
697 	178 	92 	49 	28 	18 	14 	
698 	178 	92 	49 	28 	18 	14 	
699 	178 	92 	49 	28 	18 	14 	
700 	179 	92 	49 	28 	18 	14 	
701 	179 	92 	49 	28 	18 	14 	
702 	179 	92 	49 	28 	18 	14 	
703 	179 	92 	49 	28 	18 	14 	
704 	180 	93 	50 	29 	19 	14 	
705 	180 	93 	50 	29 	19 	14 	
706 	180 	93 	50 	29 	19 	14 	
707 	180 	93 	50 	29 	19 	14 	
708 	181 	93 	50 	29 	19 	14 	
709 	181 	93 	50 	29 	19 	14 	
710 	181 	93 	50 	29 	19 	14 	
711 	181 	93 	50 	29 	19 	14 	
712 	182 	94 	50 	29 	19 	14 	
713 	182 	94 	50 	29 	19 	14 	
714 	182 	94 	50 	29 	19 	14 	
715 	182 	94 	50 	29 	19 	14 	
716 	183 	94 	50 	29 	19 	14 	
717 	183 	94 	50 	29 	19 	14 	
718 	183 	94 	50 	29 	19 	14 	
719 	183 	94 	50 	29 	19 	14 	
720 	184 	95 	51 	29 	19 	14 	
721 	184 	95 	51 	29 	19 	14 	
722 	184 	95 	51 	29 	19 	14 	
723 	184 	95 	51 	29 	19 	14 	
724 	185 	95 	51 	29 	19 	14 	
725 	185 	95 	51 	29 	19 	14 	
726 	185 	95 	51 	29 	19 	14 	
727 	185 	95 	51 	29 	19 	14 	
728 	186 	96 	51 	29 	19 	14 	
729 	186 	96 	51 	29 	19 	14 	
730 	186 	96 	51 	29 	19 	14 	
731 	186 	96 	51 	29 	19 	14 	
732 	187 	96 	51 	29 	19 	14 	
733 	187 	96 	51 	29 	19 	14 	
734 	187 	96 	51 	29 	19 	14 	
735 	187 	96 	51 	29 	19 	14 	
736 	188 	97 	52 	30 	19 	14 	
737 	188 	97 	52 	30 	19 	14 	
738 	188 	97 	52 	30 	19 	14 	
739 	188 	97 	52 	30 	19 	14 	
740 	189 	97 	52 	30 	19 	14 	
741 	189 	97 	52 	30 	19 	14 	
742 	189 	97 	52 	30 	19 	14 	
743 	189 	97 	52 	30 	19 	14 	
744 	190 	98 	52 	30 	19 	14 	
745 	190 	98 	52 	30 	19 	14 	
746 	190 	98 	52 	30 	19 	14 	
747 	190 	98 	52 	30 	19 	14 	
748 	191 	98 	52 	30 	19 	14 	
749 	191 	98 	52 	30 	19 	14 	
750 	191 	98 	52 	30 	19 	14 	
751 	191 	98 	52 	30 	19 	14 	
752 	192 	99 	53 	30 	19 	14 	
753 	192 	99 	53 	30 	19 	14 	
754 	192 	99 	53 	30 	19 	14 	
755 	192 	99 	53 	30 	19 	14 	
756 	193 	99 	53 	30 	19 	14 	
757 	193 	99 	53 	30 	19 	14 	
758 	193 	99 	53 	30 	19 	14 	
759 	193 	99 	53 	30 	19 	14 	
760 	194 	100 	53 	30 	19 	14 	
761 	194 	100 	53 	30 	19 	14 	
762 	194 	100 	53 	30 	19 	14 	
763 	194 	100 	53 	30 	19 	14 	
764 	195 	100 	53 	30 	19 	14 	
765 	195 	100 	53 	30 	19 	14 	
766 	195 	100 	53 	30 	19 	14 	
767 	195 	100 	53 	30 	19 	14 	
768 	196 	101 	54 	31 	20 	15 	
769 	196 	101 	54 	31 	20 	15 	
770 	196 	101 	54 	31 	20 	15 	
771 	196 	101 	54 	31 	20 	15 	
772 	197 	101 	54 	31 	20 	15 	
773 	197 	101 	54 	31 	20 	15 	
774 	197 	101 	54 	31 	20 	15 	
775 	197 	101 	54 	31 	20 	15 	
776 	198 	102 	54 	31 	20 	15 	
777 	198 	102 	54 	31 	20 	15 	
778 	198 	102 	54 	31 	20 	15 	
779 	198 	102 	54 	31 	20 	15 	
780 	199 	102 	54 	31 	20 	15 	
781 	199 	102 	54 	31 	20 	15 	
782 	199 	102 	54 	31 	20 	15 	
783 	199 	102 	54 	31 	20 	15 	
784 	200 	103 	55 	31 	20 	15 	
785 	200 	103 	55 	31 	20 	15 	
786 	200 	103 	55 	31 	20 	15 	
787 	200 	103 	55 	31 	20 	15 	
788 	201 	103 	55 	31 	20 	15 	
789 	201 	103 	55 	31 	20 	15 	
790 	201 	103 	55 	31 	20 	15 	
791 	201 	103 	55 	31 	20 	15 	
792 	202 	104 	55 	31 	20 	15 	
793 	202 	104 	55 	31 	20 	15 	
794 	202 	104 	55 	31 	20 	15 	
795 	202 	104 	55 	31 	20 	15 	
796 	203 	104 	55 	31 	20 	15 	
797 	203 	104 	55 	31 	20 	15 	
798 	203 	104 	55 	31 	20 	15 	
799 	203 	104 	55 	31 	20 	15 	
800 	204 	105 	56 	32 	20 	15 	
801 	204 	105 	56 	32 	20 	15 	
802 	204 	105 	56 	32 	20 	15 	
803 	204 	105 	56 	32 	20 	15 	
804 	205 	105 	56 	32 	20 	15 	
805 	205 	105 	56 	32 	20 	15 	
806 	205 	105 	56 	32 	20 	15 	
807 	205 	105 	56 	32 	20 	15 	
808 	206 	106 	56 	32 	20 	15 	
809 	206 	106 	56 	32 	20 	15 	
810 	206 	106 	56 	32 	20 	15 	
811 	206 	106 	56 	32 	20 	15 	
812 	207 	106 	56 	32 	20 	15 	
813 	207 	106 	56 	32 	20 	15 	
814 	207 	106 	56 	32 	20 	15 	
815 	207 	106 	56 	32 	20 	15 	
816 	208 	107 	57 	32 	20 	15 	
817 	208 	107 	57 	32 	20 	15 	
818 	208 	107 	57 	32 	20 	15 	
819 	208 	107 	57 	32 	20 	15 	
820 	209 	107 	57 	32 	20 	15 	
821 	209 	107 	57 	32 	20 	15 	
822 	209 	107 	57 	32 	20 	15 	
823 	209 	107 	57 	32 	20 	15 	
824 	210 	108 	57 	32 	20 	15 	
825 	210 	108 	57 	32 	20 	15 	
826 	210 	108 	57 	32 	20 	15 	
827 	210 	108 	57 	32 	20 	15 	
828 	211 	108 	57 	32 	20 	15 	
829 	211 	108 	57 	32 	20 	15 	
830 	211 	108 	57 	32 	20 	15 	
831 	211 	108 	57 	32 	20 	15 	
832 	212 	109 	58 	33 	21 	15 	
833 	212 	109 	58 	33 	21 	15 	
834 	212 	109 	58 	33 	21 	15 	
835 	212 	109 	58 	33 	21 	15 	
836 	213 	109 	58 	33 	21 	15 	
837 	213 	109 	58 	33 	21 	15 	
838 	213 	109 	58 	33 	21 	15 	
839 	213 	109 	58 	33 	21 	15 	
840 	214 	110 	58 	33 	21 	15 	
841 	214 	110 	58 	33 	21 	15 	
842 	214 	110 	58 	33 	21 	15 	
843 	214 	110 	58 	33 	21 	15 	
844 	215 	110 	58 	33 	21 	15 	
845 	215 	110 	58 	33 	21 	15 	
846 	215 	110 	58 	33 	21 	15 	
847 	215 	110 	58 	33 	21 	15 	
848 	216 	111 	59 	33 	21 	15 	
849 	216 	111 	59 	33 	21 	15 	
850 	216 	111 	59 	33 	21 	15 	
851 	216 	111 	59 	33 	21 	15 	
852 	217 	111 	59 	33 	21 	15 	
853 	217 	111 	59 	33 	21 	15 	
854 	217 	111 	59 	33 	21 	15 	
855 	217 	111 	59 	33 	21 	15 	
856 	218 	112 	59 	33 	21 	15 	
857 	218 	112 	59 	33 	21 	15 	
858 	218 	112 	59 	33 	21 	15 	
859 	218 	112 	59 	33 	21 	15 	
860 	219 	112 	59 	33 	21 	15 	
861 	219 	112 	59 	33 	21 	15 	
862 	219 	112 	59 	33 	21 	15 	
863 	219 	112 	59 	33 	21 	15 	
864 	220 	113 	60 	34 	21 	15 	
865 	220 	113 	60 	34 	21 	15 	
866 	220 	113 	60 	34 	21 	15 	
867 	220 	113 	60 	34 	21 	15 	
868 	221 	113 	60 	34 	21 	15 	
869 	221 	113 	60 	34 	21 	15 	
870 	221 	113 	60 	34 	21 	15 	
871 	221 	113 	60 	34 	21 	15 	
872 	222 	114 	60 	34 	21 	15 	
873 	222 	114 	60 	34 	21 	15 	
874 	222 	114 	60 	34 	21 	15 	
875 	222 	114 	60 	34 	21 	15 	
876 	223 	114 	60 	34 	21 	15 	
877 	223 	114 	60 	34 	21 	15 	
878 	223 	114 	60 	34 	21 	15 	
879 	223 	114 	60 	34 	21 	15 	
880 	224 	115 	61 	34 	21 	15 	
881 	224 	115 	61 	34 	21 	15 	
882 	224 	115 	61 	34 	21 	15 	
883 	224 	115 	61 	34 	21 	15 	
884 	225 	115 	61 	34 	21 	15 	
885 	225 	115 	61 	34 	21 	15 	
886 	225 	115 	61 	34 	21 	15 	
887 	225 	115 	61 	34 	21 	15 	
888 	226 	116 	61 	34 	21 	15 	
889 	226 	116 	61 	34 	21 	15 	
890 	226 	116 	61 	34 	21 	15 	
891 	226 	116 	61 	34 	21 	15 	
892 	227 	116 	61 	34 	21 	15 	
893 	227 	116 	61 	34 	21 	15 	
894 	227 	116 	61 	34 	21 	15 	
895 	227 	116 	61 	34 	21 	15 	
896 	228 	117 	62 	35 	22 	16 	
897 	228 	117 	62 	35 	22 	16 	
898 	228 	117 	62 	35 	22 	16 	
899 	228 	117 	62 	35 	22 	16 	
900 	229 	117 	62 	35 	22 	16 	
901 	229 	117 	62 	35 	22 	16 	
902 	229 	117 	62 	35 	22 	16 	
903 	229 	117 	62 	35 	22 	16 	
904 	230 	118 	62 	35 	22 	16 	
905 	230 	118 	62 	35 	22 	16 	
906 	230 	118 	62 	35 	22 	16 	
907 	230 	118 	62 	35 	22 	16 	
908 	231 	118 	62 	35 	22 	16 	
909 	231 	118 	62 	35 	22 	16 	
910 	231 	118 	62 	35 	22 	16 	
911 	231 	118 	62 	35 	22 	16 	
912 	232 	119 	63 	35 	22 	16 	
913 	232 	119 	63 	35 	22 	16 	
914 	232 	119 	63 	35 	22 	16 	
915 	232 	119 	63 	35 	22 	16 	
916 	233 	119 	63 	35 	22 	16 	
917 	233 	119 	63 	35 	22 	16 	
918 	233 	119 	63 	35 	22 	16 	
919 	233 	119 	63 	35 	22 	16 	
920 	234 	120 	63 	35 	22 	16 	
921 	234 	120 	63 	35 	22 	16 	
922 	234 	120 	63 	35 	22 	16 	
923 	234 	120 	63 	35 	22 	16 	
924 	235 	120 	63 	35 	22 	16 	
925 	235 	120 	63 	35 	22 	16 	
926 	235 	120 	63 	35 	22 	16 	
927 	235 	120 	63 	35 	22 	16 	
928 	236 	121 	64 	36 	22 	16 	
929 	236 	121 	64 	36 	22 	16 	
930 	236 	121 	64 	36 	22 	16 	
931 	236 	121 	64 	36 	22 	16 	
932 	237 	121 	64 	36 	22 	16 	
933 	237 	121 	64 	36 	22 	16 	
934 	237 	121 	64 	36 	22 	16 	
935 	237 	121 	64 	36 	22 	16 	
936 	238 	122 	64 	36 	22 	16 	
937 	238 	122 	64 	36 	22 	16 	
938 	238 	122 	64 	36 	22 	16 	
939 	238 	122 	64 	36 	22 	16 	
940 	239 	122 	64 	36 	22 	16 	
941 	239 	122 	64 	36 	22 	16 	
942 	239 	122 	64 	36 	22 	16 	
943 	239 	122 	64 	36 	22 	16 	
944 	240 	123 	65 	36 	22 	16 	
945 	240 	123 	65 	36 	22 	16 	
946 	240 	123 	65 	36 	22 	16 	
947 	240 	123 	65 	36 	22 	16 	
948 	241 	123 	65 	36 	22 	16 	
949 	241 	123 	65 	36 	22 	16 	
950 	241 	123 	65 	36 	22 	16 	
951 	241 	123 	65 	36 	22 	16 	
952 	242 	124 	65 	36 	22 	16 	
953 	242 	124 	65 	36 	22 	16 	
954 	242 	124 	65 	36 	22 	16 	
955 	242 	124 	65 	36 	22 	16 	
956 	243 	124 	65 	36 	22 	16 	
957 	243 	124 	65 	36 	22 	16 	
958 	243 	124 	65 	36 	22 	16 	
959 	243 	124 	65 	36 	22 	16 	
960 	244 	125 	66 	37 	23 	16 	
961 	244 	125 	66 	37 	23 	16 	
962 	244 	125 	66 	37 	23 	16 	
963 	244 	125 	66 	37 	23 	16 	
964 	245 	125 	66 	37 	23 	16 	
965 	245 	125 	66 	37 	23 	16 	
966 	245 	125 	66 	37 	23 	16 	
967 	245 	125 	66 	37 	23 	16 	
968 	246 	126 	66 	37 	23 	16 	
969 	246 	126 	66 	37 	23 	16 	
970 	246 	126 	66 	37 	23 	16 	
971 	246 	126 	66 	37 	23 	16 	
972 	247 	126 	66 	37 	23 	16 	
973 	247 	126 	66 	37 	23 	16 	
974 	247 	126 	66 	37 	23 	16 	
975 	247 	126 	66 	37 	23 	16 	
976 	248 	127 	67 	37 	23 	16 	
977 	248 	127 	67 	37 	23 	16 	
978 	248 	127 	67 	37 	23 	16 	
979 	248 	127 	67 	37 	23 	16 	
980 	249 	127 	67 	37 	23 	16 	
981 	249 	127 	67 	37 	23 	16 	
982 	249 	127 	67 	37 	23 	16 	
983 	249 	127 	67 	37 	23 	16 	
984 	250 	128 	67 	37 	23 	16 	
985 	250 	128 	67 	37 	23 	16 	
986 	250 	128 	67 	37 	23 	16 	
987 	250 	128 	67 	37 	23 	16 	
988 	251 	128 	67 	37 	23 	16 	
989 	251 	128 	67 	37 	23 	16 	
990 	251 	128 	67 	37 	23 	16 	
991 	251 	128 	67 	37 	23 	16 	
992 	252 	129 	68 	38 	23 	16 	
993 	252 	129 	68 	38 	23 	16 	
994 	252 	129 	68 	38 	23 	16 	
995 	252 	129 	68 	38 	23 	16 	
996 	253 	129 	68 	38 	23 	16 	
997 	253 	129 	68 	38 	23 	16 	
998 	253 	129 	68 	38 	23 	16 	
999 	253 	129 	68 	38 	23 	16 	
1000 	254 	130 	68 	38 	23 	16 	
1001 	254 	130 	68 	38 	23 	16 	
1002 	254 	130 	68 	38 	23 	16 	
1003 	254 	130 	68 	38 	23 	16 	
1004 	255 	130 	68 	38 	23 	16 	
1005 	255 	130 	68 	38 	23 	16 	
1006 	255 	130 	68 	38 	23 	16 	
1007 	255 	130 	68 	38 	23 	16 	
1008 	256 	131 	69 	38 	23 	16 	
1009 	256 	131 	69 	38 	23 	16 	
1010 	256 	131 	69 	38 	23 	16 	
1011 	256 	131 	69 	38 	23 	16 	
1012 	257 	131 	69 	38 	23 	16 	
1013 	257 	131 	69 	38 	23 	16 	
1014 	257 	131 	69 	38 	23 	16 	
1015 	257 	131 	69 	38 	23 	16 	
1016 	258 	132 	69 	38 	23 	16 	
1017 	258 	132 	69 	38 	23 	16 	
1018 	258 	132 	69 	38 	23 	16 	
1019 	258 	132 	69 	38 	23 	16 	
1020 	259 	132 	69 	38 	23 	16 	
1021 	259 	132 	69 	38 	23 	16 	
1022 	259 	132 	69 	38 	23 	16 
